,time,device,location,lat,long,CGDD,Cl,ET,GDD,LfAirDelta,NDVI,SWdw,maxT,meanT,minT,prate,precip,SLP,Kc,ETc,mean_tbelow,lfw,crop_water_demand,sunshine_duration
0,2019-06-07T00:00:00Z,A000715,5cfa8fee388cfb6d1060cec8,40.3035,-74.7225,,0.270593,2.59389,14.3498,3.8778,0.182613,10.831,30.3799,24.7563,18.3198,,,1015.35697812,0.09356735,0.24270377,25.5588,2.3333,-0.242704,5.83333333
1,2019-06-08T00:00:00Z,A000715,5cfa8fee388cfb6d1060cec8,40.3035,-74.7225,9.1289,0.27710100000000004,4.57712,9.1289,4.9983,0.179464,25.0879,24.133000000000003,19.3085,14.1248,,,1020.90102416,0.08897836,0.40726445,21.2749,6.8333,-0.407264,12.0
2,2019-06-09T00:00:00Z,A000715,5cfa8fee388cfb6d1060cec8,40.3035,-74.7225,16.8954,0.277192,4.9111199999999995,7.7665,6.7777,0.17560599999999998,28.0319,23.8289,17.6969,11.7041,0.00418982,0.00418982,1025.35164462,0.08335851,0.40938401,20.0073,3.75,-0.405194,12.0
3,2019-06-10T00:00:00Z,A000715,5cfa8fee388cfb6d1060cec8,40.3035,-74.7226,26.3201,0.241612,0.364388,9.4247,1.0706,0.21663200000000002,6.4392,24.025,19.0152,14.8244,5.666440000000001,5.666440000000001,1017.75360546,0.14313251,0.05215582,19.4122,11.4167,5.61428,6.91666667
4,2019-06-11T00:00:00Z,A000715,5cfa8fee388cfb6d1060cec8,40.3035,-74.7225,36.1872,0.29076599999999997,4.93693,9.8671,6.5858,0.23878600000000003,26.4861,24.664,20.2859,15.0702,0.9715090000000001,0.971508,1015.17992712,0.17541059,0.86599033,22.0504,7.0,0.105518,11.16666667
5,2019-06-12T00:00:00Z,A000715,5cfa8fee388cfb6d1060cec8,40.3035,-74.7225,42.2242,0.293527,4.69069,6.037000000000001,7.4942,0.235605,25.8973,22.256999999999998,17.0184,9.817,0.0,0.0,1022.19213008,0.17077711,0.80106277,19.6576,0.25,-0.801063,11.66666667
6,2019-06-13T00:00:00Z,A000715,5cfa8fee388cfb6d1060cec8,40.3035,-74.7226,48.6979,0.287256,1.60461,6.4737,3.783,0.265942,11.9966,20.3748,16.9124,12.5726,35.3615,35.3615,1011.86421126,0.2149768,0.34495424,18.1593,5.1667,35.0165,8.0
7,2019-06-14T00:00:00Z,A000715,5cfa8fee388cfb6d1060cec8,40.3035,-74.7226,56.292,0.30051100000000003,4.03806,7.59405,5.69195,0.277385,22.7411,23.4558,16.8529,11.7323,0.0,0.0,1014.77381988,0.23165017,0.93541774,19.0444,6.6667,-0.9354180000000001,11.75
8,2019-06-15T00:00:00Z,A000715,5cfa8fee388cfb6d1060cec8,40.3035,-74.7225,64.2771,0.293157,5.28298,7.98515,6.8654,0.278019,27.3622,26.7173,19.004,9.253,0.0,0.0,1019.46632456,0.23257408,1.22868532,21.4095,4.0,-1.22869,11.58333333
9,2019-06-16T00:00:00Z,A000715,5cfa8fee388cfb6d1060cec8,40.3035,-74.7225,78.0007,0.294607,3.28021,13.7236,1.54525,0.315756,18.0022,29.6282,22.814,17.819000000000003,8.42373,8.42373,1013.07552851,0.28755592,0.94324478,23.6761,5.4167,7.48049,9.41666667
10,2019-06-17T00:00:00Z,A000715,5cfa8fee388cfb6d1060cec8,40.3035,-74.7226,93.1947,0.300666,2.21159,15.194,1.11305,0.37567399999999995,13.6354,31.0426,23.3557,19.3454,5.94722,5.94722,1015.77269694,0.37485642,0.82902789,23.434,12.5,5.11819,10.0
11,2019-06-18T00:00:00Z,A000715,5cfa8fee388cfb6d1060cec8,40.3036,-74.7225,106.834,0.301469,1.03314,13.6397,0.81255,0.41017,10.3993,27.5984,22.1173,19.680999999999997,20.358,20.358,1014.32823401,0.42511724,0.43920576,22.4576,15.6668,19.9188,6.83333333
12,2019-06-19T00:00:00Z,A000715,5cfa8fee388cfb6d1060cec8,40.3035,-74.7225,118.43299999999999,0.317657,-0.03754,11.5986,0.62485,0.410728,5.60229,23.1038,21.1832,20.0935,7.0812,7.0812,1011.51446208,0.42592999,-0.01598943,21.3167,18.3333,7.097189999999999,5.41666667
13,2019-06-20T00:00:00Z,A000715,5cfa8fee388cfb6d1060cec8,40.3035,-74.7225,133.47299999999998,0.317056,1.37015,15.0405,0.79615,0.434108,11.6761,31.1924,23.2951,18.8885,7.75663,7.75663,1003.31736108,0.45999484,0.63026257,23.4657,15.0001,7.12637,8.0
14,2019-06-21T00:00:00Z,A000715,5cfa8fee388cfb6d1060cec8,40.3035,-74.7225,145.30700000000002,0.334955,3.14885,11.833,2.4263,0.441327,18.2056,26.0328,21.6651,17.6333,3.00445,3.00445,1004.87099979,0.47051339,1.4815748,22.3527,7.0,1.52288,11.08333333
15,2019-06-22T00:00:00Z,A000715,5cfa8fee388cfb6d1060cec8,40.3035,-74.7226,155.721,0.321022,5.63889,10.4149,5.1119,0.431447,27.4433,27.2663,20.4703,13.5635,0.0,0.0,1014.72053527,0.45611777,2.57199957,22.1808,1.8333,-2.572,11.83333333
16,2019-06-23T00:00:00Z,A000715,5cfa8fee388cfb6d1060cec8,40.3036,-74.7225,167.416,0.30549899999999997,6.21747,11.695,5.69035,0.430519,29.2537,30.8055,21.3836,12.5844,0.0,0.0,1016.54921413,0.45476645,2.8274981,23.109,0.1667,-2.8275099999999997,11.83333333
17,2019-06-24T00:00:00Z,A000715,5cfa8fee388cfb6d1060cec8,40.3035,-74.7226,180.613,0.313867,4.6124,13.1961,2.4054,0.456342,21.8056,33.3488,23.7302,13.0435,0.0,0.0,1013.09111469,0.49238971,2.2710972000000003,24.5664,5.25,-2.2711,11.41666667
18,2019-06-25T00:00:00Z,A000715,5cfa8fee388cfb6d1060cec8,40.3035,-74.7225,197.787,0.325142,3.35865,17.1744,1.8361,0.50781,18.1989,33.7596,25.1181,20.5893,3.51534,3.51534,1011.80595761,0.56737959,1.90562962,25.4217,10.5,1.60971,9.41666667
19,2019-06-26T00:00:00Z,A000715,5cfa8fee388cfb6d1060cec8,40.3035,-74.7225,213.438,0.30703,6.30626,15.6508,4.4722,0.432724,29.3751,33.951,25.7181,17.3506,0.0,0.0,1017.78867903,0.45797858,2.88813143,26.7958,4.8334,-2.88813,11.91666667
20,2019-06-27T00:00:00Z,A000715,5cfa8fee388cfb6d1060cec8,40.3035,-74.7226,229.47799999999998,0.308192,5.97009,16.0403,3.64895,0.435696,27.7173,33.6444,26.3598,18.4361,0.0,0.0,1021.37674532,0.46230944,2.76002946,27.5068,7.4999,-2.76003,11.83333333
21,2019-06-28T00:00:00Z,A000715,5cfa8fee388cfb6d1060cec8,40.3035,-74.7225,245.94299999999998,0.30853600000000003,5.45213,16.4648,4.553999999999999,0.45682399999999995,26.2721,35.4165,25.954,17.512999999999998,4.7054599999999995,4.7054599999999995,1022.18809319,0.49309222,2.68840215,27.0096,10.5,2.01706,11.25
22,2019-06-29T00:00:00Z,A000715,5cfa8fee388cfb6d1060cec8,40.3035,-74.7225,262.058,0.309767,4.4128,16.1149,4.4781,0.42605299999999996,22.6866,33.6918,25.0675,18.538,2.24791,2.24791,1017.26990006,0.44825862,1.97807563,25.8219,11.4166,0.269834,9.5
23,2019-06-30T00:00:00Z,A000715,5cfa8fee388cfb6d1060cec8,40.3035,-74.7225,276.041,0.32000100000000004,5.58383,13.9831,3.85565,0.410721,26.7324,29.7364,24.1713,18.2297,0.0,0.0,1011.05704503,0.42591995,2.37826328,25.2819,6.75,-2.37826,11.75
24,2019-07-01T00:00:00Z,A000715,5cfa8fee388cfb6d1060cec8,40.3034,-74.7225,289.772,0.306757,6.4414,13.7308,5.0079,0.41022299999999995,29.4016,32.7918,23.7623,14.6697,0.0,0.0,1014.86129294,0.42519514,2.73885198,25.1641,0.0,-2.73885,11.83333333
25,2019-07-02T00:00:00Z,A000715,5cfa8fee388cfb6d1060cec8,40.3035,-74.7225,304.651,0.309123,5.02839,14.8799,5.00615,0.422158,24.8983,34.5904,24.9853,15.1694,1.34579,1.34579,1012.09259044,0.44258423,2.22548535,25.9848,9.5,-0.8796950000000001,11.25
26,2019-07-03T00:00:00Z,A000715,5cfa8fee388cfb6d1060cec8,40.3035,-74.7225,322.645,0.31742800000000004,3.4412300000000005,17.9938,2.5529,0.465138,18.8526,34.5402,26.2878,21.4474,0.0,0.0,1013.07291899,0.50520542,1.73852599,26.7479,10.3334,-1.73853,10.5
27,2019-07-04T00:00:00Z,A000715,5cfa8fee388cfb6d1060cec8,40.3035,-74.7225,339.278,0.314837,5.60881,16.6325,5.147,0.447913,28.1782,33.0916,26.3212,20.1733,0.0,0.0,1018.98326811,0.48010959,2.69284362,27.1289,9.3334,-2.6928400000000003,11.16666667
28,2019-07-05T00:00:00Z,A000715,5cfa8fee388cfb6d1060cec8,40.3036,-74.7225,356.408,0.323608,2.7707,17.1297,3.6966,0.49373900000000004,17.2112,33.1578,25.9947,21.1017,0.0,0.0,1021.45492788,0.5468770000000001,1.51523489,26.2395,11.0,-1.5152299999999999,10.33333333
29,2019-07-06T00:00:00Z,A000715,5cfa8fee388cfb6d1060cec8,40.3035,-74.7225,373.881,0.328046,2.40587,17.4734,1.44195,0.523371,15.7008,33.2694,26.0942,21.6774,8.82292,8.82292,1015.58588305,0.59005185,1.41958986,26.1429,13.5001,7.40333,8.66666667
30,2019-07-07T00:00:00Z,A000715,5cfa8fee388cfb6d1060cec8,40.3035,-74.7225,389.971,0.347099,3.92971,16.0898,2.023,0.618159,20.6958,30.9278,24.9547,21.2517,0.0,0.0,1014.20250059,0.72815737,2.86145023,25.2105,9.4167,-2.86145,10.5
31,2019-07-08T00:00:00Z,A000715,5cfa8fee388cfb6d1060cec8,40.3035,-74.7225,404.60900000000004,0.366807,2.11911,14.6383,0.6695,0.615679,13.2754,30.7152,22.6855,18.5613,11.3575,11.3575,1016.87036228,0.72454389,1.53538597,23.186999999999998,13.0001,9.82211,8.16666667
32,2019-07-09T00:00:00Z,A000715,5cfa8fee388cfb6d1060cec8,40.3036,-74.7225,420.324,0.335858,5.48116,15.7153,2.62385,0.601053,25.1099,34.3832,25.3553,17.0473,0.0,0.0,1018.98129495,0.70323437,3.85454126,25.9762,9.9167,-3.85454,11.66666667
33,2019-07-10T00:00:00Z,A000715,5cfa8fee388cfb6d1060cec8,40.3035,-74.7225,436.85,0.344546,4.65841,16.526,3.86075,0.608967,21.9348,34.3866,26.3149,18.6654,0.0,0.0,1018.6520989,0.71476476,3.32966401,26.67,7.0,-3.32966,11.41666667
34,2019-07-11T00:00:00Z,A000715,5cfa8fee388cfb6d1060cec8,40.3035,-74.7225,451.194,0.352864,1.84965,14.3438,-0.1584,0.618689,12.1227,30.5738,24.0244,18.1137,32.2417,32.2417,1014.31742599,0.72893029,1.34826738,24.0032,11.6666,30.8934,8.08333333
35,2019-07-12T00:00:00Z,A000715,5cfa8fee388cfb6d1060cec8,40.3035,-74.7225,467.414,0.34944200000000003,5.40942,16.2203,3.1906,0.642491,25.9513,32.8644,25.3457,19.5762,0.0,0.0,1010.08072495,0.76360883,4.13068164,26.0485,9.4167,-4.13068,11.66666667
36,2019-07-13T00:00:00Z,A000715,5cfa8fee388cfb6d1060cec8,40.3035,-74.7225,483.605,0.335685,6.17276,16.1911,3.00005,0.592765,28.25,34.4096,25.0992,17.9726,0.0,0.0,1015.12434202,0.69115897,4.26635927,25.5943,8.7501,-4.26636,11.75
37,2019-07-14T00:00:00Z,A000715,5cfa8fee388cfb6d1060cec8,40.3035,-74.7225,500.039,0.322764,5.69433,16.4335,3.2942,0.500441,26.4867,34.575,25.4529,18.2921,0.0,0.0,1015.8471377000001,0.55664318,3.1697082,26.1002,8.6667,-3.16971,11.66666667
38,2019-07-15T00:00:00Z,A000715,5cfa8fee388cfb6d1060cec8,40.3035,-74.7225,514.686,0.315578,6.19195,14.6474,3.34155,0.481175,28.6408,33.0098,24.1644,16.285,0.0,0.0,1019.47469448,0.52857148,3.27288632,25.1823,8.8334,-3.27287,11.75
39,2019-07-16T00:00:00Z,A000715,5cfa8fee388cfb6d1060cec8,40.3035,-74.7225,530.264,0.310683,5.96071,15.578,4.053,0.492249,27.5077,34.5215,26.3383,16.6346,0.0,0.0,1019.3023481,0.54470746,3.24684524,27.0772,6.9167,-3.24685,11.75
40,2019-07-17T00:00:00Z,A000715,5cfa8fee388cfb6d1060cec8,40.3035,-74.7226,548.385,0.32026,4.559480000000001,18.1206,3.37765,0.535589,22.6272,34.6106,27.9135,21.6306,23.9073,23.9073,1015.46086287,0.60785244,2.77149008,28.5545,9.3334,21.1358,10.83333333
41,2019-07-18T00:00:00Z,A000715,5cfa8fee388cfb6d1060cec8,40.3035,-74.7225,566.125,0.340937,1.89375,17.74,3.1252,0.619503,13.0691,32.7042,25.8055,22.7759,1.64956,1.64956,1013.80977252,0.73011546,1.38265285,25.6402,16.3333,0.266907,8.25
42,2019-07-19T00:00:00Z,A000715,5cfa8fee388cfb6d1060cec8,40.3035,-74.7225,583.927,0.33102,4.98949,17.8022,2.87105,0.615478,24.6387,34.559,27.7588,21.0455,0.0,0.0,1014.12239819,0.72425165,3.61364447,28.2272,9.5834,-3.61364,10.91666667
43,2019-07-20T00:00:00Z,A000715,5cfa8fee388cfb6d1060cec8,40.3035,-74.7226,603.877,0.31995500000000004,5.73567,19.9499,3.96245,0.620147,27.1448,35.9036,29.4451,23.9963,0.0,0.0,1012.63136011,0.73105375,4.19308054,30.089000000000002,10.0,-4.19308,11.5
44,2019-07-21T00:00:00Z,A000715,5cfa8fee388cfb6d1060cec8,40.3035,-74.7226,624.303,0.320128,5.4286,20.4258,4.21365,0.605282,26.3051,36.763000000000005,29.6594,24.0885,1.3146,1.3146,1011.47350363,0.70939634,3.85102824,30.2671,8.1666,-2.5364299999999997,11.66666667
45,2019-07-22T00:00:00Z,A000715,5cfa8fee388cfb6d1060cec8,40.3035,-74.7226,642.191,0.340371,4.69495,17.8877,2.9598,0.6307560000000001,23.3856,33.9138,26.4128,21.8616,14.0712,14.0712,1010.89449358,0.74651115,3.50483391,26.948,12.1666,10.5664,9.33333333
46,2019-07-23T00:00:00Z,A000715,5cfa8fee388cfb6d1060cec8,40.3035,-74.7226,654.362,0.357691,0.967361,12.1716,0.2051,0.622987,8.6164,26.2039,22.2968,18.1394,20.3763,20.3763,1011.92121671,0.73519171,0.71119552,22.2263,12.6667,19.6651,7.58333333
47,2019-07-24T00:00:00Z,A000715,5cfa8fee388cfb6d1060cec8,40.3035,-74.7225,669.2589999999999,0.342131,5.2849,14.897,2.8048,0.6186,24.7973,32.181999999999995,23.6674,17.612000000000002,0.0,0.0,1015.81761162,0.72880069,3.85163818,24.53,10.6667,-3.85164,11.66666667
48,2019-07-25T00:00:00Z,A000715,5cfa8fee388cfb6d1060cec8,40.3035,-74.7226,683.422,0.334133,6.02125,14.1627,3.2975,0.6186,27.4152,31.9604,23.9228,16.365,0.0,0.0,1021.08097564,0.72880013,4.38828551,24.7026,10.1667,-4.3882900000000005,11.5
49,2019-07-26T00:00:00Z,A000715,5cfa8fee388cfb6d1060cec8,40.3035,-74.7225,698.457,0.32865700000000003,5.99328,15.0351,4.2436,0.6154930000000001,26.6568,34.268,24.8372,15.8022,0.0,0.0,1025.73961046,0.72427393,4.34077894,25.497,8.25,-4.3407800000000005,11.5
50,2019-07-27T00:00:00Z,A000715,5cfa8fee388cfb6d1060cec8,40.3035,-74.7226,713.753,0.335975,5.2325099999999996,15.2955,3.0958,0.615362,23.3141,33.9718,25.6957,16.6191,0.0,0.0,1025.6216374,0.72408308,3.78877448,26.0182,7.0,-3.7887699999999995,11.41666667
51,2019-07-28T00:00:00Z,A000715,5cfa8fee388cfb6d1060cec8,40.3035,-74.7225,729.539,0.32582300000000003,5.782719999999999,15.7867,4.1828,0.6110439999999999,26.5299,33.6352,26.1692,17.9382,0.0,0.0,1021.20840944,0.71779163,4.15078694,26.8619,7.3333,-4.15079,11.41666667
52,2019-07-29T00:00:00Z,A000715,5cfa8fee388cfb6d1060cec8,40.3035,-74.7225,746.6139999999999,0.335257,5.2374,17.0746,3.7529,0.620012,24.4121,34.5139,27.2229,19.6353,0.0,0.0,1017.78051798,0.73085805,3.82779561,27.8972,9.8333,-3.8278,11.41666667
53,2019-07-30T00:00:00Z,A000715,5cfa8fee388cfb6d1060cec8,40.3035,-74.7225,764.582,0.348088,4.61682,17.9679,1.6664,0.595201,21.9761,35.3312,27.644000000000002,20.6046,2.71599,2.71599,1017.3647212000001,0.69470852,3.20734684,28.0124,7.1667,-0.491357,11.08333333
54,2019-07-31T00:00:00Z,A000715,5cfa8fee388cfb6d1060cec8,40.3035,-74.7226,780.456,0.34401,2.60431,15.8742,2.1901,0.6035550000000001,14.72,33.4864,24.6878,18.2619,12.7224,12.7224,1018.45824279,0.70687914,1.84093163,24.7179,12.0834,10.8815,8.5
55,2019-08-01T00:00:00Z,A000715,5cfa8fee388cfb6d1060cec8,40.3035,-74.7226,796.9580000000001,0.34328200000000003,4.72651,16.5021,2.9413,0.61731,22.6128,34.7342,25.1376,18.27,0.0,0.0,1020.38707471,0.7269206,3.43580099,25.6394,9.9167,-3.4358,11.41666667
56,2019-08-02T00:00:00Z,A000715,5cfa8fee388cfb6d1060cec8,40.3035,-74.7225,812.035,0.361098,3.2366,15.0766,-0.4968,0.634397,16.9039,32.5772,24.307,17.576,0.0,0.0,1021.5998942,0.75181699,2.43332913,24.0638,10.3333,-2.4333299999999998,11.0
57,2019-08-03T00:00:00Z,A000715,5cfa8fee388cfb6d1060cec8,40.3035,-74.7225,827.975,0.340673,4.43456,15.9403,2.45745,0.642441,21.3092,33.8354,25.7726,18.0452,0.0,0.0,1018.37234064,0.7635360999999999,3.3859485,25.8489,8.5833,-3.38595,10.75
58,2019-08-04T00:00:00Z,A000715,5cfa8fee388cfb6d1060cec8,40.3034,-74.7226,845.812,0.340096,5.5178,17.8366,4.01435,0.6403810000000001,25.2537,35.161,26.7568,20.5122,0.0,0.0,1014.90199719,0.76053477,4.19647629,27.1683,10.1667,-4.19648,10.91666667
59,2019-08-05T00:00:00Z,A000715,5cfa8fee388cfb6d1060cec8,40.3035,-74.7226,861.1339999999999,0.354454,3.12032,15.3222,2.70505,0.634279,13.4354,32.1374,24.475,18.507,0.0,0.0,1016.71500285,0.75164514,2.34537379,24.9733,2.75,,6.58333333
