,time,device,location,lat,long,CGDD,Cl,ET,GDD,LfAirDelta,NDVI,SWdw,maxT,meanT,minT,prate,precip,SLP,Kc,ETc,mean_tbelow,lfw,crop_water_demand,sunshine_duration
0,2019-06-12T00:00:00Z,A000814,5d01209306f14dcfeac4374d,40.3033,-74.7231,,0.21146500000000001,2.80092,9.33235,7.0689,0.385743,14.7525,23.123,19.0001,15.5417,0.0,0.0,1020.97419398,0.38952697,1.09103561,22.2517,0.3333,-1.09104,5.5
1,2019-06-13T00:00:00Z,A000814,5d01209306f14dcfeac4374d,40.3032,-74.723,7.1526,0.190864,1.79892,7.15255,3.73535,0.419213,11.6368,21.5981,17.0905,12.707,45.4857,45.4857,1011.2096903999999,0.43829269,0.78845424,18.7185,2.75,44.6972,7.91666667
2,2019-06-14T00:00:00Z,A000814,5d01209306f14dcfeac4374d,40.3032,-74.723,14.9297,0.20845500000000003,4.13959,7.7772,5.56395,0.45345100000000005,21.4199,23.7061,17.6667,11.8483,0.0,0.0,1014.30555504,0.48817864,2.02085841,19.9708,6.8333,-2.02086,10.41666667
3,2019-06-15T00:00:00Z,A000814,5d01209306f14dcfeac4374d,40.3032,-74.723,24.112,0.212579,5.67973,9.18225,5.08345,0.47024099999999996,26.1101,28.5488,20.43,9.815710000000001,0.0,0.0,1019.25436743,0.51264064,2.9116603,22.1979,1.1667,-2.91166,10.5
4,2019-06-16T00:00:00Z,A000814,5d01209306f14dcfeac4374d,40.3032,-74.723,39.11,0.204793,3.61761,14.998,0.30535,0.49207,17.6248,31.0874,23.6739,18.9086,10.8817,10.8817,1012.88028073,0.54444559,1.96958992,24.3663,4.6667,8.91211,9.33333333
5,2019-06-17T00:00:00Z,A000814,5d01209306f14dcfeac4374d,40.3032,-74.723,55.4946,0.20498400000000003,2.38108,16.3846,-0.27455,0.545031,13.1871,33.1626,23.9081,19.6067,8.27815,8.27815,1015.61375437,0.62161034,1.48010182,24.0377,11.1667,6.79805,9.91666667
6,2019-06-18T00:00:00Z,A000814,5d01209306f14dcfeac4374d,40.3032,-74.7231,69.9834,0.20407,1.28964,14.4888,0.98625,0.566846,10.1532,29.1246,22.6017,19.8531,29.5978,29.5978,1014.31412069,0.65339439,0.84264458,22.9454,12.75,28.7552,6.91666667
7,2019-06-19T00:00:00Z,A000814,5d01209306f14dcfeac4374d,40.3032,-74.7231,81.209,0.199745,0.152266,11.2256,0.80665,0.570059,5.43976,23.199,21.36,19.2522,13.2172,13.2172,1011.47718673,0.65807545,0.10020267,21.8049,17.3334,13.1172,4.91666667
8,2019-06-20T00:00:00Z,A000814,5d01209306f14dcfeac4374d,40.3032,-74.723,95.5467,0.21547199999999997,1.60461,14.3377,0.10595,0.60473,11.0798,31.8066,23.3349,16.8687,18.4797,18.4797,1003.44422801,0.70859219,1.13701465,23.8527,13.25,17.3427,7.5
9,2019-06-21T00:00:00Z,A000814,5d01209306f14dcfeac4374d,40.3032,-74.723,107.271,0.230802,3.12988,11.7246,3.1406,0.589316,16.9116,27.0164,21.8214,16.4327,4.0311,4.0311,1004.95224278,0.68613366,2.14751506,22.8001,7.25,1.88358,9.58333333
10,2019-06-22T00:00:00Z,A000814,5d01209306f14dcfeac4374d,40.3032,-74.723,118.374,0.230882,5.7683,11.1027,4.8157,0.6089439999999999,26.1307,28.2125,21.12,13.993,0.0,0.0,1014.74731919,0.71473095,4.1227845,22.8135,1.3333,-4.1227800000000006,10.66666667
11,2019-06-23T00:00:00Z,A000814,5d01209306f14dcfeac4374d,40.3032,-74.7229,130.786,0.221982,6.48928,12.4119,4.1424,0.6188170000000001,28.0063,32.1851,22.2911,12.6387,0.0,0.0,1016.40695349,0.72911645,4.73143826,23.5766,0.0,-4.73144,10.41666667
12,2019-06-24T00:00:00Z,A000814,5d01209306f14dcfeac4374d,40.3032,-74.723,143.916,0.215879,4.92433,13.1303,1.70895,0.6180260000000001,21.1245,32.5064,24.2261,13.7542,0.0,0.0,1012.7574277999998,0.72796448,3.58473895,24.9194,3.75,-3.58474,11.16666667
13,2019-06-25T00:00:00Z,A000814,5d01209306f14dcfeac4374d,40.3032,-74.723,161.076,0.221714,3.67171,17.1595,2.42525,0.651664,17.5311,33.5228,25.6554,20.7962,3.9067800000000004,3.9067800000000004,1011.69833526,0.77697467,2.85282641,26.0061,7.5833,1.05395,9.16666667
14,2019-06-26T00:00:00Z,A000814,5d01209306f14dcfeac4374d,40.3032,-74.7229,176.80200000000002,0.22761599999999999,6.58639,15.7263,3.1566,0.668988,28.1359,33.7048,26.1647,17.7478,0.0,0.0,1017.5745066,0.80221511,5.28369916,26.9122,2.6666,-5.2837,10.41666667
15,2019-06-27T00:00:00Z,A000814,5d01209306f14dcfeac4374d,40.3032,-74.723,193.088,0.218452,6.02422,16.2859,4.8844,0.585036,26.4363,33.8121,26.7918,18.7598,0.0,0.0,1021.0564760999999,0.67989686,4.09584918,28.0691,4.4167,-4.09585,10.33333333
16,2019-06-28T00:00:00Z,A000814,5d01209306f14dcfeac4374d,40.3032,-74.723,209.55700000000002,0.21877800000000003,5.60953,16.469,4.53635,0.5870850000000001,25.4218,35.3992,26.2486,17.5389,5.453790000000001,5.453790000000001,1021.90328773,0.68288281,3.83064977,27.5771,9.6667,1.62314,11.16666667
17,2019-06-29T00:00:00Z,A000814,5d01209306f14dcfeac4374d,40.3032,-74.723,226.687,0.202024,4.4558800000000005,17.1305,4.74685,0.42162700000000003,22.1612,35.5174,25.6415,18.7436,2.4514,2.4514,1016.89324522,0.44181032,1.96865353,26.8816,10.75,0.482746,9.33333333
18,2019-06-30T00:00:00Z,A000814,5d01209306f14dcfeac4374d,40.3032,-74.723,241.976,0.20836100000000002,5.54126,15.2884,5.2269,0.421512,25.4512,32.0126,24.6085,18.5641,0.0,0.0,1010.93038066,0.44164282,2.44725828,26.2752,6.5,-2.44726,10.33333333
19,2019-07-01T00:00:00Z,A000814,5d01209306f14dcfeac4374d,40.3032,-74.723,256.64599999999996,0.206092,6.42855,14.6701,4.2863,0.41535,28.0266,34.6986,24.445999999999998,14.6417,0.0,0.0,1014.51814875,0.43266449,2.78140527,25.7915,0.0,-2.7814099999999997,10.33333333
20,2019-07-02T00:00:00Z,A000814,5d01209306f14dcfeac4374d,40.3032,-74.7231,272.58,0.188625,5.08359,15.9345,4.47015,0.349331,23.9265,36.643,25.752,15.225999999999999,1.6191200000000001,1.6191200000000001,1011.88389705,0.33647565,1.71050442,27.1237,8.0,-0.09138439999999999,10.91666667
21,2019-07-03T00:00:00Z,A000814,5d01209306f14dcfeac4374d,40.3032,-74.7231,290.373,0.182546,3.47954,17.7924,3.16025,0.367501,18.0785,34.1979,26.7399,21.3869,0.0,0.0,1012.86711507,0.36294843,1.2628941999999999,27.6106,9.25,-1.2629,10.16666667
22,2019-07-04T00:00:00Z,A000814,5d01209306f14dcfeac4374d,40.3032,-74.723,308.342,0.202311,5.69315,17.9688,5.4201,0.377031,27.3904,35.1088,26.5313,20.8289,0.0,0.0,1018.81100453,0.37683348,2.14536897,27.7914,7.8334,-2.14537,10.33333333
23,2019-07-05T00:00:00Z,A000814,5d01209306f14dcfeac4374d,40.3033,-74.7231,325.683,0.20296,2.8409,17.3412,4.3955,0.409194,16.4965,32.6432,26.1409,22.0392,0.0,0.0,1021.17218767,0.42369548,1.20367552,26.8747,10.25,-1.2036799999999999,10.16666667
24,2019-07-06T00:00:00Z,A000814,5d01209306f14dcfeac4374d,40.3033,-74.7231,343.77099999999996,0.202677,2.57818,18.0877,3.15845,0.42733699999999997,15.3054,33.727,26.5243,22.4484,17.8982,17.8982,1015.35118651,0.45013039,1.16051899,26.9244,12.6667,16.7377,8.5
25,2019-07-07T00:00:00Z,A000814,5d01209306f14dcfeac4374d,40.3032,-74.723,360.05300000000005,0.18148699999999998,3.61984,16.2829,2.1629,0.517158,18.4849,31.2732,25.3826,21.2925,0.0,0.0,1013.94900716,0.58099879,2.10312529,25.8057,6.6667,-2.1031299999999997,9.58333333
26,2019-07-08T00:00:00Z,A000814,5d01209306f14dcfeac4374d,40.3032,-74.723,374.969,0.227186,2.18721,14.9153,1.23745,0.545103,12.5894,31.0701,22.5364,18.7606,11.8856,11.8856,1016.80754946,0.62171535,1.35982357,23.5261,4.5,10.5258,6.83333333
27,2019-07-09T00:00:00Z,A000814,5d01209306f14dcfeac4374d,40.3032,-74.723,389.926,0.215804,5.38745,14.9575,3.35295,0.562439,24.0746,33.567,25.2534,16.348,0.0,0.0,1018.80346102,0.64697355,3.48553482,26.2791,10.0833,-3.4855300000000002,11.41666667
28,2019-07-10T00:00:00Z,A000814,5d01209306f14dcfeac4374d,40.3035,-74.7231,405.559,0.222025,4.564830000000001,15.6331,3.12995,0.565122,20.7243,32.5424,26.2118,18.7238,0.0,0.0,1018.49419507,0.65088321,2.97117286,27.0236,7.0,-2.97117,10.58333333
29,2019-07-11T00:00:00Z,A000814,5d01209306f14dcfeac4374d,40.3032,-74.723,420.226,0.200295,1.8754,14.667,0.36165,0.43608800000000003,11.7118,30.9404,24.3659,18.3935,53.7082,53.7082,1014.12608854,0.46288024,0.8680841999999999,24.8055,9.25,52.8401,8.0
30,2019-07-12T00:00:00Z,A000814,5d01209306f14dcfeac4374d,40.3032,-74.7229,437.349,0.212209,5.3151,17.1224,3.5636,0.463866,24.9263,33.5054,26.3636,20.7393,0.0,0.0,1009.74848442,0.50335222,2.6753685000000003,27.6576,7.0,-2.67537,11.0
31,2019-07-13T00:00:00Z,A000814,5d01209306f14dcfeac4374d,40.3032,-74.723,453.514,0.2123,5.94762,16.1656,3.54865,0.473025,26.9466,33.7498,25.5807,18.5814,0.0,0.0,1015.01992102,0.5166974,3.0731219,26.8533,4.5,-3.07312,10.41666667
32,2019-07-14T00:00:00Z,A000814,5d01209306f14dcfeac4374d,40.3032,-74.723,469.975,0.18326199999999998,5.47508,16.4612,5.27215,0.33207600000000004,25.112,34.0226,26.274,18.8998,0.0,0.0,1015.65508577,0.31133408,1.70457999,27.7611,6.6667,-1.70458,10.66666667
33,2019-07-15T00:00:00Z,A000814,5d01209306f14dcfeac4374d,40.3032,-74.7229,486.088,0.178253,5.9422,16.1125,6.0003,0.28313299999999997,27.1587,35.5794,25.2337,16.6456,0.0,0.0,1019.22770241,0.24002457,1.42627468,26.7016,4.5,-1.4262700000000001,10.25
34,2019-07-16T00:00:00Z,A000814,5d01209306f14dcfeac4374d,40.3032,-74.7229,504.06300000000005,0.1784,5.70411,17.9754,5.38075,0.282384,26.2919,38.4376,27.2801,17.5132,0.0,0.0,1019.15098694,0.238933,1.3629007,28.6487,6.3334,-1.3629,11.41666667
35,2019-07-17T00:00:00Z,A000814,5d01209306f14dcfeac4374d,40.3032,-74.723,523.325,0.176868,4.39016,19.2616,4.74715,0.287804,22.0993,36.6326,28.8049,21.8905,27.8242,27.8242,1015.19291537,0.24682974,1.08362135,30.1392,6.5,26.7406,10.5
36,2019-07-18T00:00:00Z,A000814,5d01209306f14dcfeac4374d,40.3032,-74.723,541.396,0.189672,1.91947,18.0714,4.62405,0.35036799999999996,12.7817,32.9908,26.1629,23.1519,3.34211,3.34211,1013.62552038,0.33798629,0.64875401,26.5926,11.9166,2.6933599999999998,8.33333333
37,2019-07-19T00:00:00Z,A000814,5d01209306f14dcfeac4374d,40.3032,-74.723,560.3480000000001,0.192048,4.85156,18.9515,3.6998,0.372153,23.8191,35.5998,27.8796,22.3032,0.0,0.0,1013.99545423,0.36972633,1.79375018,29.1978,9.0,-1.79375,10.75
38,2019-07-20T00:00:00Z,A000814,5d01209306f14dcfeac4374d,40.3032,-74.723,581.146,0.190456,5.55403,20.7978,5.4396,0.393732,25.9739,37.1726,30.0471,24.4231,0.7529,0.7529,1012.32123824,0.40116793,2.22809872,31.3496,8.8334,-1.4752,10.33333333
39,2019-07-21T00:00:00Z,A000814,5d01209306f14dcfeac4374d,40.3032,-74.7231,602.149,0.187478,5.26731,21.003,4.878,0.3897,25.2489,37.2758,30.5449,24.7301,1.60038,1.60038,1011.26513853,0.39529287,2.08212849,31.5786,7.3334,-0.48174799999999995,10.75
40,2019-07-22T00:00:00Z,A000814,5d01209306f14dcfeac4374d,40.3032,-74.7231,620.184,0.20341700000000001,4.63363,18.0352,3.8405,0.446009,22.8642,33.7976,26.9501,22.2729,16.7604,16.7604,1010.57977449,0.47733506,2.21179288,28.0406,10.4168,14.5486,9.16666667
41,2019-07-23T00:00:00Z,A000814,5d01209306f14dcfeac4374d,40.3032,-74.7231,632.806,0.19153900000000001,1.05599,12.6222,0.6524,0.46356800000000004,8.43108,27.2231,22.5971,18.0213,23.9976,23.9976,1011.58379973,0.50291878,0.5310763000000001,23.0788,8.75,23.4666,7.41666667
42,2019-07-24T00:00:00Z,A000814,5d01209306f14dcfeac4374d,40.3031,-74.7231,647.464,0.215852,5.1056,14.6576,4.13875,0.509993,23.6639,31.4567,23.9183,17.8586,0.239498,0.239498,1015.50933474,0.5705603,2.91305532,25.1738,9.4167,-2.6735700000000002,10.5
43,2019-07-25T00:00:00Z,A000814,5d01209306f14dcfeac4374d,40.3032,-74.7231,662.062,0.214588,5.87703,14.5986,4.69525,0.51781,26.3683,32.6638,24.0916,16.5335,0.0,0.0,1020.93536799,0.58194982,3.42013601,25.4417,8.3334,-3.42014,10.58333333
44,2019-07-26T00:00:00Z,A000814,5d01209306f14dcfeac4374d,40.3032,-74.723,678.2410000000001,0.215017,5.86817,16.1784,3.8862,0.5245340000000001,25.6961,35.9082,25.0307,16.4485,0.0,0.0,1025.48896035,0.59174668,3.47246748,26.0759,6.9167,-3.4724699999999995,10.83333333
45,2019-07-27T00:00:00Z,A000814,5d01209306f14dcfeac4374d,40.3032,-74.723,694.198,0.22401500000000002,5.07915,15.9578,2.96295,0.532337,22.2831,34.6496,25.875999999999998,17.2659,0.0,0.0,1025.04520774,0.60311573,3.06331575,26.8335,6.6667,-3.06332,10.83333333
46,2019-07-28T00:00:00Z,A000814,5d01209306f14dcfeac4374d,40.3032,-74.723,710.742,0.224291,5.61557,16.5436,4.0269,0.509796,25.5451,34.8638,26.5956,18.2235,0.0,0.0,1020.90029213,0.57027292,3.20240497,27.8438,5.5,-3.2024,10.83333333
47,2019-07-29T00:00:00Z,A000814,5d01209306f14dcfeac4374d,40.3032,-74.723,728.535,0.222181,5.08166,17.7927,4.2147,0.518267,23.4097,35.2018,27.7297,20.3837,0.0,0.0,1017.56800829,0.58261439,2.96065036,28.7864,6.75,-2.96065,10.75
48,2019-07-30T00:00:00Z,A000814,5d01209306f14dcfeac4374d,40.3033,-74.7231,746.284,0.21766,4.50381,17.7495,2.72295,0.535834,21.0538,34.5198,27.6892,20.9793,2.70608,2.70608,1016.91030823,0.60821049,2.73926623,28.4687,6.9167,-0.0331862,10.08333333
49,2019-07-31T00:00:00Z,A000814,5d01209306f14dcfeac4374d,40.3032,-74.723,762.454,0.222419,2.63037,16.1698,2.8418,0.580651,14.0593,33.242,24.76,19.0976,15.7635,15.7635,1018.17674074,0.6735087,1.77157539,25.2828,8.5833,13.9919,8.25
50,2019-08-01T00:00:00Z,A000814,5d01209306f14dcfeac4374d,40.3033,-74.7231,778.553,0.230622,4.876530000000001,16.0986,3.0648,0.632756,21.93,33.6268,25.5114,18.5704,0.0,0.0,1020.07311181,0.74942612,3.65459898,26.0593,8.8333,-3.6546,11.33333333
51,2019-08-02T00:00:00Z,A000814,5d01209306f14dcfeac4374d,40.3032,-74.723,793.622,0.242759,3.3569199999999997,15.0698,0.109,0.641637,16.3911,31.8906,24.3823,18.249000000000002,0.0,0.0,1021.03197367,0.76236521,2.5591996,24.4198,9.5,-2.5592,10.08333333
52,2019-08-03T00:00:00Z,A000814,5d01209306f14dcfeac4374d,40.3032,-74.723,809.054,0.23801399999999998,4.40843,15.4319,2.71315,0.678795,20.38,32.6788,25.5135,18.1851,0.0,0.0,1017.68563815,0.81650436,3.59949877,26.0803,7.25,-3.5995,10.41666667
53,2019-08-04T00:00:00Z,A000814,5d01209306f14dcfeac4374d,40.3032,-74.723,825.79,0.24271399999999999,5.61279,16.7357,3.8329,0.698405,24.4286,33.7634,26.7698,19.708,0.0,0.0,1014.37994648,0.84507632,4.74323925,27.3976,7.3334,-4.74324,10.08333333
54,2019-08-05T00:00:00Z,A000814,5d01209306f14dcfeac4374d,40.3032,-74.723,841.012,0.253419,3.14858,15.2219,2.18345,0.677237,12.9504,32.0948,24.6958,18.349,0.0,0.0,1016.32268447,0.81423478,2.56368209,25.2771,0.3334,,6.41666667
