,time,device,location,lat,long,CGDD,Cl,ET,GDD,LfAirDelta,NDVI,SWdw,maxT,meanT,minT,prate,precip,SLP,Kc,ETc,mean_tbelow,lfw,crop_water_demand,sunshine_duration
0,2019-06-06T00:00:00Z,A000810,5cf967283f41ac2cd7e46f4e,40.3117,-74.7132,,,1.19591,16.4028,,,5.36642,34.1392,25.9678,18.6665,,,1009.77982475,,,27.1865,0.0,0.0,3.66666667
1,2019-06-07T00:00:00Z,A000810,5cf967283f41ac2cd7e46f4e,40.3117,-74.7131,14.6283,0.117828,2.81682,14.6283,3.94015,0.409804,14.5193,32.7961,23.3088,16.4604,,,1013.02655617,0.4245842000000001,1.19597855,24.8103,0.0,-1.1959799999999998,10.25
2,2019-06-08T00:00:00Z,A000810,5cf967283f41ac2cd7e46f4e,40.3117,-74.7131,28.1136,0.119474,4.34888,13.4853,4.3629,0.42985,20.8801,31.9733,22.1518,14.9973,,,1018.85534157,0.45379105,1.97348441,24.3625,0.0,-1.97348,10.83333333
3,2019-06-09T00:00:00Z,A000810,5cf967283f41ac2cd7e46f4e,40.3117,-74.7131,39.7618,0.118676,4.65152,11.6482,5.50455,0.439622,22.7577,31.2028,20.3632,12.0935,,,1023.58568343,0.46802887,2.17704739,22.9575,0.0,-2.17705,10.16666667
4,2019-06-10T00:00:00Z,A000810,5cf967283f41ac2cd7e46f4e,40.3117,-74.7132,50.3533,0.17180399999999998,0.285893,10.5915,1.58575,0.558951,5.12745,25.9934,20.0271,15.1896,5.14973,5.14973,1016.10925607,0.64189099,0.18351226,21.386,1.1666,4.96622,5.41666667
5,2019-06-11T00:00:00Z,A000810,5cf967283f41ac2cd7e46f4e,40.3117,-74.7132,62.6004,0.137457,4.56273,12.2471,7.8096,0.551611,23.2995,29.5943,21.5326,14.8999,1.05511,1.05511,1013.44109188,0.63119788,2.87998284,24.5592,0.9167,-1.82487,11.16666667
6,2019-06-12T00:00:00Z,A000810,5cf967283f41ac2cd7e46f4e,40.3117,-74.7132,72.4555,0.139335,4.27895,9.8551,7.2417,0.5577310000000001,20.4929,29.474,19.1481,10.2362,0.0,0.0,1020.40863564,0.6401146,2.73901659,21.6235,0.0,-2.73902,9.66666667
7,2019-06-13T00:00:00Z,A000810,5cf967283f41ac2cd7e46f4e,40.3117,-74.7131,81.1927,0.16051600000000002,1.52158,8.7372,3.45495,0.610276,9.55528,24.8319,18.1385,12.6425,35.7279,35.7279,1009.99259695,0.71667169,1.09047155,20.2286,0.0,34.6374,7.75
8,2019-06-14T00:00:00Z,A000810,5cf967283f41ac2cd7e46f4e,40.3117,-74.7131,89.4912,0.16308499999999998,3.38931,8.2985,9.00175,0.612738,18.5843,24.2576,17.0462,12.3394,0.0,0.0,1012.9314789999999,0.72025875,2.44118184,20.3792,0.0,-2.44118,9.91666667
9,2019-06-15T00:00:00Z,A000810,5cf967283f41ac2cd7e46f4e,40.3117,-74.7132,99.1821,0.14141900000000002,4.49592,9.6909,5.9086,0.607558,21.128,29.8392,20.1391,9.5426,0.0,0.0,1017.72188398,0.71271224,3.20429951,22.4915,0.0,-3.2043,9.33333333
10,2019-06-16T00:00:00Z,A000810,5cf967283f41ac2cd7e46f4e,40.3116,-74.7132,114.196,0.165712,2.69106,15.0135,1.68645,0.639379,13.7655,31.3308,23.7888,18.6962,3.13667,3.13667,1011.51427207,0.75907462,2.04271875,25.0052,0.0,1.09395,8.66666667
11,2019-06-17T00:00:00Z,A000810,5cf967283f41ac2cd7e46f4e,40.3119,-74.7131,129.02100000000002,0.164252,1.82665,14.8252,0.191,0.688444,10.8876,31.695,23.9059,17.9555,6.21336,6.21336,1014.37178015,0.83056323,1.51714594,24.6754,0.0,4.69621,9.33333333
12,2019-06-18T00:00:00Z,A000810,5cf967283f41ac2cd7e46f4e,40.3117,-74.7131,144.376,0.17113699999999998,0.912983,15.3554,0.2223,0.709953,8.06617,30.8226,23.204,19.8883,16.0073,16.0073,1012.82071798,0.86190211,0.7869017,23.9848,0.0,15.2204,6.5
13,2019-06-19T00:00:00Z,A000810,5cf967283f41ac2cd7e46f4e,40.3118,-74.7131,156.895,0.186647,0.0291735,12.5183,0.8716,0.716321,4.59713,26.3989,22.0566,18.6376,8.79304,8.79304,1009.73299454,0.87117913,0.02541533,22.9474,0.0,8.767619999999999,4.0
14,2019-06-20T00:00:00Z,A000810,5cf967283f41ac2cd7e46f4e,40.3117,-74.7131,170.74400000000003,0.174315,1.25635,13.8499,0.28155,0.734662,9.66437,31.793000000000003,23.8224,15.9068,8.92066,8.92066,1001.51990347,0.89790238,1.12807888,24.8687,0.0,7.79258,7.16666667
15,2019-06-21T00:00:00Z,A000810,5cf967283f41ac2cd7e46f4e,40.3117,-74.7131,184.575,0.190361,2.98627,13.8307,2.95725,0.736121,15.9513,30.5714,22.6526,17.0899,4.402019999999999,4.402019999999999,1003.05653126,0.90002862,2.68772915,24.0123,0.0,1.71429,10.33333333
16,2019-06-22T00:00:00Z,A000810,5cf967283f41ac2cd7e46f4e,40.3117,-74.7131,196.93200000000002,0.16253499999999999,4.819459999999999,12.3572,4.09985,0.745505,21.5672,30.9806,21.7243,13.7338,0.0,0.0,1012.9601344,0.91370015,4.40353993,23.4342,0.0,-4.4035400000000005,9.66666667
17,2019-06-23T00:00:00Z,A000810,5cf967283f41ac2cd7e46f4e,40.3117,-74.7131,209.517,0.14494,5.34311,12.5843,4.93025,0.7457520000000001,23.5668,32.9613,22.1362,12.2073,0.0,0.0,1014.80527182,0.91406051,4.88392134,23.6832,0.0,-4.88392,9.58333333
18,2019-06-24T00:00:00Z,A000810,5cf967283f41ac2cd7e46f4e,40.3117,-74.7131,222.584,0.159235,3.52305,13.0671,2.20705,0.759501,15.9764,33.3056,23.3544,12.8286,0.0,0.0,1011.09608663,0.93409298,3.29085203,24.5912,0.0,-3.29085,8.66666667
19,2019-06-25T00:00:00Z,A000810,5cf967283f41ac2cd7e46f4e,40.3117,-74.7131,239.44400000000002,0.16706600000000002,2.97914,16.8603,1.01955,0.771618,15.088,33.9844,25.6209,19.7361,3.6755699999999996,3.6755699999999996,1009.79917928,0.95174718,2.83538791,26.3991,0.0,0.840182,9.33333333
20,2019-06-26T00:00:00Z,A000810,5cf967283f41ac2cd7e46f4e,40.3118,-74.7132,255.25099999999998,0.132151,5.302630000000001,15.8069,5.43745,0.695764,23.5547,35.1038,25.2961,16.51,0.0,0.0,1015.83739835,0.84122805,4.46071883,27.0783,0.0,-4.460719999999999,9.58333333
21,2019-06-27T00:00:00Z,A000810,5cf967283f41ac2cd7e46f4e,40.3118,-74.7132,271.87,0.130433,5.28822,16.6192,5.36875,0.703091,23.4744,35.2513,26.0255,17.9872,0.0,0.0,1019.40956355,0.85190413,4.50505292,27.9677,0.0,-4.50505,9.75
22,2019-06-28T00:00:00Z,A000810,5cf967283f41ac2cd7e46f4e,40.3118,-74.7132,288.432,0.126595,4.47101,16.5623,5.5216,0.71068,20.5489,36.1488,25.6668,16.9759,3.19909,3.19909,1020.32542323,0.86296107,3.85830994,27.5378,0.0,-0.65922,8.83333333
23,2019-06-29T00:00:00Z,A000810,5cf967283f41ac2cd7e46f4e,40.3118,-74.7132,305.159,0.127755,3.52726,16.727,5.99975,0.716685,17.9841,34.66,24.7172,18.794,2.54067,2.54067,1015.12401575,0.87170993,3.07474463,26.4534,0.0,-0.534075,8.5
24,2019-06-30T00:00:00Z,A000810,5cf967283f41ac2cd7e46f4e,40.3117,-74.7131,320.433,0.148148,4.7483,15.2734,4.80555,0.714421,21.579,32.939,24.7621,17.6078,0.0,0.0,1009.21450681,0.86841105,4.12347377,26.3836,0.0,-4.123469999999999,9.91666667
25,2019-07-01T00:00:00Z,A000810,5cf967283f41ac2cd7e46f4e,40.3117,-74.7131,335.082,0.138756,5.41615,14.6496,5.0567,0.709929,23.465999999999998,35.6752,23.3559,13.6239,0.0,0.0,1012.75711534,0.86186637,4.66799837,25.1815,0.0,-4.668,9.91666667
26,2019-07-02T00:00:00Z,A000810,5cf967283f41ac2cd7e46f4e,40.3117,-74.7131,348.939,0.135142,3.1775900000000004,13.8563,4.87145,0.715222,12.3004,33.2224,21.9067,14.4903,0.0,0.0,1011.24570213,0.86957782,2.76316501,24.0007,0.0,,5.0
27,2019-07-02T00:00:00Z,A000810,5d1ba087388cfb232680c5db,40.3117,-74.7132,,,1.40895,18.1063,,,5.8913199999999994,34.8732,27.4254,21.3395,2.14555,2.14555,1008.06650069,,,28.8798,0.0,2.14555,3.58333333
28,2019-07-03T00:00:00Z,A000810,5d1ba087388cfb232680c5db,40.3117,-74.7132,17.0208,0.151319,3.2707200000000003,17.0208,4.4876,0.623799,16.883,32.9372,26.5625,21.1045,0.0,0.0,1010.74643086,0.73637446,2.4084747,28.1121,0.0,-2.40847,9.83333333
29,2019-07-04T00:00:00Z,A000810,5d1ba087388cfb232680c5db,40.3117,-74.7132,35.2649,0.132578,4.99253,18.2441,5.518,0.552298,23.107,36.7985,27.1621,19.6897,0.0,0.0,1016.85006227,0.63219814,3.15626709,29.2738,0.0,-3.15627,9.58333333
30,2019-07-05T00:00:00Z,A000810,5d1ba087388cfb232680c5db,40.3117,-74.7131,53.5218,0.139008,2.63404,18.2569,5.7388,0.581345,14.6287,35.4123,27.1691,21.1015,0.0,0.0,1019.11566745,0.67451942,1.77670839,28.3694,0.0,-1.7767099999999998,9.58333333
31,2019-07-06T00:00:00Z,A000810,5d1ba087388cfb232680c5db,40.3117,-74.7131,71.8488,0.169317,1.9702099999999998,18.327,2.40985,0.6137,11.2352,33.2658,27.4298,23.3881,4.4504,4.4504,1014.3120114,0.72166043,1.42182115,28.7633,0.0,,6.75
32,2019-07-06T00:00:00Z,A000810,5d22f833713d2702642ac7e3,40.3118,-74.7132,,,0.500494,17.1948,,,2.73864,32.1388,25.2754,22.2508,7.49805,7.49805,1010.6321879000001,,,26.2698,0.0,7.49805,1.33333333
33,2019-07-07T00:00:00Z,A000810,5d22f833713d2702642ac7e3,40.3118,-74.7132,,0.144582,3.27303,17.1836,6.2631,0.6009399999999999,16.6727,33.5356,26.2567,20.8317,0.0,0.0,1011.81037132,0.7030689,2.30116211,27.8407,0.0,-2.30116,9.41666667
34,2019-07-08T00:00:00Z,A000810,5d22f833713d2702642ac7e3,40.3117,-74.7132,,0.184887,2.07432,15.6572,1.22215,0.6735300000000001,11.6988,33.0943,23.5619,18.2201,15.1533,15.1533,1014.55302238,0.8088335,1.67777639,24.9874,0.0,13.4755,7.25
35,2019-07-09T00:00:00Z,A000810,5d22f833713d2702642ac7e3,40.3117,-74.7132,15.2771,0.132219,4.22156,15.2771,6.4836,0.624714,19.8839,34.4587,24.6422,16.0954,0.0,0.0,1016.60655826,0.73770904,3.11428111,26.5786,0.0833,-3.11428,10.33333333
36,2019-07-10T00:00:00Z,A000810,5d22f833713d2702642ac7e3,40.3117,-74.7132,31.5063,0.141941,3.9517599999999997,16.2292,6.15795,0.630691,18.857,34.1386,26.1194,18.3198,0.0,0.0,1016.23787073,0.74641635,2.9496545,28.0195,0.0,-2.94965,10.75
37,2019-07-11T00:00:00Z,A000810,5d22f833713d2702642ac7e3,40.3117,-74.7132,46.0174,0.168126,1.08467,14.5111,0.12645,0.670358,8.085189999999999,31.513,24.0692,17.5092,42.4965,42.4965,1011.75938625,0.80421203,0.87230746,25.1042,0.0,41.6242,6.25
38,2019-07-12T00:00:00Z,A000810,5d22f833713d2702642ac7e3,40.3117,-74.7132,62.1995,0.145336,4.16207,16.1821,5.18885,0.65049,20.1664,32.9062,25.6358,19.4579,0.0,0.0,1007.5829853,0.77526407,3.22670162,27.433000000000003,0.0,-3.2267,9.91666667
39,2019-07-13T00:00:00Z,A000810,5d22f833713d2702642ac7e3,40.3116,-74.7131,77.8226,0.14743,4.51396,15.6231,5.10015,0.6579550000000001,20.9898,33.736999999999995,24.6289,17.5092,0.0,0.0,1012.81940172,0.7861408000000001,3.54861046,26.4549,0.0,-3.54861,9.58333333
40,2019-07-14T00:00:00Z,A000810,5d22f833713d2702642ac7e3,40.3117,-74.7132,94.0034,0.148371,4.39326,16.1808,5.5066,0.6686850000000001,20.3689,33.9678,25.1528,18.3939,0.0,0.0,1013.61699691,0.80177334,3.52240211,27.0087,0.0,-3.5224,9.66666667
41,2019-07-15T00:00:00Z,A000810,5d22f833713d2702642ac7e3,40.3117,-74.7132,108.725,0.139847,5.18631,14.7213,6.02535,0.658233,23.0246,33.603,24.0976,15.8397,0.0,0.0,1017.19954076,0.78654604,4.07926825,25.9813,0.0,-4.079269999999999,9.5
42,2019-07-16T00:00:00Z,A000810,5d22f833713d2702642ac7e3,40.3117,-74.7132,124.59899999999999,0.138836,4.79039,15.8743,7.0356,0.661935,21.9345,35.05,25.697,16.6987,0.0,0.0,1017.1430098999999,0.79193911,3.79369341,27.6979,0.0,-3.7936900000000002,9.66666667
43,2019-07-17T00:00:00Z,A000810,5d22f833713d2702642ac7e3,40.3117,-74.7131,142.498,0.147108,3.609,17.8993,7.0897,0.671926,17.9044,34.4744,27.2314,21.3242,23.6076,23.6076,1013.01879266,0.80649557,2.91063921,29.4589,0.0,20.6969,8.66666667
44,2019-07-18T00:00:00Z,A000810,5d22f833713d2702642ac7e3,40.3117,-74.7131,160.707,0.15849000000000002,1.37771,18.2089,3.15755,0.7054060000000001,9.94639,33.8544,26.4127,22.5634,2.18828,2.18828,1011.39562897,0.85527626,1.17832595,27.1318,0.0,1.00995,6.33333333
45,2019-07-19T00:00:00Z,A000810,5d22f833713d2702642ac7e3,40.3117,-74.7132,178.713,0.145361,4.12769,18.006,6.7584,0.684377,20.7518,34.8008,27.7189,21.2112,0.0,0.0,1011.64817351,0.82463713,3.40384252,29.6431,0.0,-3.40384,10.33333333
46,2019-07-20T00:00:00Z,A000810,5d22f833713d2702642ac7e3,40.3117,-74.7132,198.38400000000001,0.13878900000000002,4.544,19.6712,6.97,0.677347,22.1481,35.6314,29.1253,23.711,0.0,0.0,1010.29354584,0.81439406,3.70060412,31.2902,0.0,-3.7006,9.75
47,2019-07-21T00:00:00Z,A000810,5d22f833713d2702642ac7e3,40.3117,-74.7131,217.87099999999998,0.146872,4.56388,19.4863,6.8793,0.680459,22.2957,35.1189,29.3508,23.8538,0.0,0.0,1008.97897127,0.81892944,3.73749169,31.4445,0.0,-3.73749,9.91666667
48,2019-07-22T00:00:00Z,A000810,5d22f833713d2702642ac7e3,40.3117,-74.7132,235.324,0.152082,3.65409,17.4528,7.00495,0.696832,18.472,33.164,26.3516,21.7416,15.9937,15.9937,1008.34650841,0.84278428,3.07961131,28.4056,0.0,12.9141,7.91666667
49,2019-07-23T00:00:00Z,A000810,5d22f833713d2702642ac7e3,40.3117,-74.7132,248.012,0.18675,0.78537,12.6881,0.9241,0.711066,7.000030000000001,28.462,22.8006,16.9141,25.0295,25.0295,1009.3460866,0.86352347,0.67818547,23.7268,0.0,24.3513,6.91666667
50,2019-07-24T00:00:00Z,A000810,5d22f833713d2702642ac7e3,40.3117,-74.7132,263.45599999999996,0.14962899999999998,4.15218,15.4445,6.0072,0.6970109999999999,19.0722,33.2592,24.0178,17.6299,0.0,0.0,1013.25080384,0.84304487,3.50047623,25.7895,0.0,-3.5004800000000005,9.33333333
51,2019-07-25T00:00:00Z,A000810,5d22f833713d2702642ac7e3,40.3117,-74.7132,278.189,0.145037,4.80426,14.7331,6.0255,0.692547,21.3392,33.3976,23.9968,16.0686,0.0,0.0,1018.56141242,0.83654063,4.01895998,25.6588,0.0,-4.01896,9.33333333
52,2019-07-26T00:00:00Z,A000810,5d22f833713d2702642ac7e3,40.3117,-74.7131,292.949,0.141247,4.75488,14.7601,6.69115,0.676746,21.2843,34.1258,24.3518,15.3944,0.0,0.0,1023.32464183,0.81351918,3.8681876,26.3863,0.0,-3.8681900000000002,9.41666667
53,2019-07-27T00:00:00Z,A000810,5d22f833713d2702642ac7e3,40.3117,-74.7131,307.995,0.143719,4.05166,15.0461,7.43735,0.674886,18.6376,33.5555,24.7108,16.5366,0.0,0.0,1023.16153444,0.81080851,3.28512305,26.6488,0.0,-3.2851199999999996,9.16666667
54,2019-07-28T00:00:00Z,A000810,5d22f833713d2702642ac7e3,40.3117,-74.7132,324.035,0.153479,4.42972,16.0394,6.7067,0.670085,20.6141,34.4502,25.546999999999997,17.6285,0.0,0.0,1018.62090856,0.80381386,3.5606663,27.5678,0.0,-3.5606699999999996,9.5
55,2019-07-29T00:00:00Z,A000810,5d22f833713d2702642ac7e3,40.3117,-74.7132,341.356,0.15549200000000002,4.03019,17.3209,7.11095,0.673896,19.245,34.9638,26.6055,19.6781,0.0,0.0,1015.38837166,0.8093669,3.26190205,28.6455,0.0,-3.26185,9.58333333
56,2019-07-30T00:00:00Z,A000810,5d22f833713d2702642ac7e3,40.3117,-74.7131,359.214,0.164152,3.3646300000000005,17.8578,3.8616,0.606509,16.8617,35.5722,26.9761,20.1434,1.90819,1.90819,1014.91466228,0.71118405,2.39287369,28.7342,0.0,-0.484684,9.0
57,2019-07-31T00:00:00Z,A000810,5d22f833713d2702642ac7e3,40.3117,-74.7131,375.084,0.16693,1.6225100000000001,15.8707,4.43515,0.6013539999999999,10.3829,32.9782,24.2333,18.7631,11.978,11.978,1016.0666368999999,0.70367279,1.14171691,25.4208,0.0,10.8363,6.83333333
58,2019-08-01T00:00:00Z,A000810,5d22f833713d2702642ac7e3,40.3117,-74.7131,391.04,0.14799,3.4518400000000002,15.9563,4.9084,0.602827,16.6482,33.65,25.1886,18.2626,0.0,0.0,1017.82687066,0.70581912,2.43637247,26.7772,0.0,-2.43637,8.83333333
59,2019-08-02T00:00:00Z,A000810,5d22f833713d2702642ac7e3,40.3117,-74.7132,406.832,0.165961,2.84563,15.7913,3.2444,0.606875,14.145999999999999,34.0726,24.5257,17.5099,0.0,0.0,1018.9453707999999,0.71171711,2.02528165,25.7219,0.0,-2.02528,9.91666667
60,2019-08-03T00:00:00Z,A000810,5d22f833713d2702642ac7e3,40.3117,-74.7131,422.18800000000005,0.149515,3.5260000000000002,15.3559,6.5757,0.5803,17.2735,33.4866,25.5623,17.2251,0.0,0.0,1015.38831529,0.67299646,2.37298652,27.2308,0.0,-2.37299,9.16666667
61,2019-08-04T00:00:00Z,A000810,5d22f833713d2702642ac7e3,40.3117,-74.7131,439.546,0.139787,4.49757,17.3584,7.8572,0.570004,20.5878,34.6549,26.4262,20.0619,0.0,0.0,1012.34056567,0.65799565,2.95938362,28.3948,0.0,-2.95938,9.25
62,2019-08-05T00:00:00Z,A000810,5d22f833713d2702642ac7e3,40.3117,-74.7131,456.726,0.15585,2.1482799999999997,17.1798,5.0395,0.594834,9.147969999999999,35.6573,23.9172,18.7023,0.0,0.0,1014.18046515,0.69417378,1.4912788000000001,25.4145,0.0,,4.83333333
