,time,device,location,lat,long,CGDD,Cl,ET,GDD,LfAirDelta,NDVI,SWdw,maxT,meanT,minT,prate,precip,SLP,Kc,ETc,mean_tbelow,lfw,crop_water_demand,sunshine_duration
0,2019-05-09T00:00:00Z,A001520,5cd49cf93c2e7f192eebfd0b,37.4645,-121.92,,0.0425204,0.544938,16.5245,-0.7732,-0.596687,0.0554317,27.7359,25.8068,25.3132,0.00967318,0.00967318,1008.09628517,-1.04187333,-0.56775645,25.1652,0.0,0.261287,
1,2019-05-10T00:00:00Z,A001520,5cd49cf93c2e7f192eebfd0b,37.4642,-121.919,,-0.061182400000000005,1.26629,14.0334,-0.5377,-0.214606,0.124793,25.971999999999998,24.5297,22.0948,0.09179780000000001,0.09179780000000001,1010.30039754,-0.48518059,-0.61437747,24.0948,0.0,0.5520470000000001,
2,2019-05-11T00:00:00Z,A001520,5cd49cf93c2e7f192eebfd0b,37.4642,-121.919,,-0.10357999999999999,1.2610299999999999,13.8215,-0.2321,-0.214254,0.124502,25.7962,24.2652,21.8468,,,1014.61520302,-0.48466843,-0.6111819000000001,23.859,0.0,0.46253900000000003,
3,2019-05-12T00:00:00Z,A001520,5cd49cf93c2e7f192eebfd0b,37.4641,-121.92,,-0.0650834,1.2698,14.6026,-0.4468,-0.181247,0.125074,26.1416,24.6188,23.0636,,,1015.37949307,-0.43657664,-0.55436545,24.1567,0.0,0.41838500000000006,
4,2019-05-13T00:00:00Z,A001520,5cd49cf93c2e7f192eebfd0b,37.4646,-121.919,,,0.45131800000000005,13.8113,,,0.037732800000000004,24.5834,23.9943,23.0393,,,1016.91776081,,,23.6695,0.0,,
5,2019-07-02T00:00:00Z,A001520,5d1bb99ccd3ab1eb0a649185,40.3551,-74.7396,,,0.7267399999999999,17.6176,,,3.37656,34.3259,25.8191,20.9093,2.74969,2.74969,1009.14454824,,,25.4285,3.1667,2.74969,2.5
6,2019-07-03T00:00:00Z,A001520,5d1bb99ccd3ab1eb0a649185,40.3551,-74.7396,17.2549,-0.0257041,4.67497,17.2549,-0.14185,0.780503,21.8992,33.9294,26.3338,20.5804,0.0,0.0,1012.00530802,0.96469223,4.50990969,26.3093,9.8333,-4.50991,10.66666667
7,2019-07-04T00:00:00Z,A001520,5d1bb99ccd3ab1eb0a649185,40.3551,-74.7396,33.2488,0.051265,6.63552,15.9939,3.0553,0.7915409999999999,29.4558,34.0576,26.2406,17.9303,0.0,0.0,1017.77401611,0.98077497,6.50795584,26.6295,8.3333,-6.50796,11.33333333
8,2019-07-05T00:00:00Z,A001520,5d1bb99ccd3ab1eb0a649185,40.3551,-74.7395,48.8977,0.0190923,3.74036,15.6489,2.5831,0.791543,19.0217,32.2546,25.7788,19.0432,0.0,0.0,1020.01976899,0.98077881,3.66846133,26.1394,9.0833,-3.66846,10.66666667
9,2019-07-06T00:00:00Z,A001520,5d1bb99ccd3ab1eb0a649185,40.3552,-74.7395,66.5453,-0.016121299999999998,2.82274,17.6476,-0.60905,0.787818,15.8131,33.7646,26.2429,21.5306,11.3601,11.3601,1014.1786287999998,0.97535104,2.75316139,26.0547,11.0001,8.60694,8.91666667
10,2019-07-07T00:00:00Z,A001520,5d1bb99ccd3ab1eb0a649185,40.3552,-74.7395,83.6608,0.0203168,4.6363199999999996,17.1155,1.0915,0.797049,22.4125,33.2867,25.3467,20.9444,0.0,0.0,1012.76402197,0.98880013,4.5843981,25.4796,7.6668,-4.5844,10.33333333
11,2019-07-08T00:00:00Z,A001520,5d1bb99ccd3ab1eb0a649185,40.3551,-74.7395,97.7931,-0.0178456,2.63985,14.1323,0.9353,0.7904220000000001,14.7958,30.7021,22.3178,17.5626,12.0897,12.0897,1015.62209756,0.97914543,2.58479249,22.8197,7.6667,9.50491,8.58333333
12,2019-07-09T00:00:00Z,A001520,5d1bb99ccd3ab1eb0a649185,40.3551,-74.7396,112.961,0.0477427,5.81756,15.1675,2.81565,0.803896,26.5184,34.9126,24.8791,15.4224,0.0,0.0,1017.82641585,0.99877688,5.81044825,25.2236,10.8333,-5.81045,11.83333333
13,2019-07-10T00:00:00Z,A001520,5d1bb99ccd3ab1eb0a649185,40.3551,-74.7396,128.877,0.0406856,5.63898,15.9161,3.44885,0.803918,25.4101,34.5692,26.0879,17.262999999999998,0.0,0.0,1017.3914761,0.99880844,5.63226349,26.1066,7.4167,-5.63226,11.83333333
14,2019-07-11T00:00:00Z,A001520,5d1bb99ccd3ab1eb0a649185,40.3551,-74.7396,142.86,-0.043701300000000005,1.78892,13.9834,-0.26315,0.791363,11.005999999999998,30.5006,23.489,17.4662,24.6075,24.6075,1013.05046863,0.98051536,1.75405867,23.4031,12.0834,22.8534,7.33333333
15,2019-07-12T00:00:00Z,A001520,5d1bb99ccd3ab1eb0a649185,40.3552,-74.7396,158.125,0.0452656,5.82894,15.2647,2.9124,0.809054,27.6452,31.799,25.3032,18.7305,0.0,0.0,1008.86815595,1.00629116,5.86561353,25.7759,8.0,-5.86561,12.0
16,2019-07-13T00:00:00Z,A001520,5d1bb99ccd3ab1eb0a649185,40.3551,-74.7396,173.412,0.0468796,6.06799,15.287,3.3372,0.810619,27.9725,34.3184,24.4441,16.2556,0.0,0.0,1014.03555981,1.00857229,6.12001121,24.9733,9.75,-6.12001,11.91666667
17,2019-07-14T00:00:00Z,A001520,5d1bb99ccd3ab1eb0a649185,40.3551,-74.7396,189.15900000000002,0.0465132,6.04205,15.747,3.25265,0.812001,27.3336,33.9328,24.9667,17.5611,0.0,0.0,1014.9106829,1.01058523,6.10600733,25.5241,7.1667,-6.1060099999999995,12.0
18,2019-07-15T00:00:00Z,A001520,5d1bb99ccd3ab1eb0a649185,40.3551,-74.7395,202.114,0.0649611,6.6191699999999996,12.9552,2.9826,0.815254,29.8202,31.844,23.3092,14.0664,0.0,0.0,1018.47955606,1.0153246999999999,6.72060685,24.2037,9.5833,-6.720610000000001,11.83333333
19,2019-07-16T00:00:00Z,A001520,5d1bb99ccd3ab1eb0a649185,40.3551,-74.7395,217.078,0.057905200000000004,6.43733,14.964,2.57915,0.817272,28.5628,34.6404,25.9192,15.2876,0.0,0.0,1018.3308444,1.01826553,6.55491077,26.1079,7.0,-6.5549100000000005,11.58333333
20,2019-07-17T00:00:00Z,A001520,5d1bb99ccd3ab1eb0a649185,40.3551,-74.7395,234.38,0.048029,5.48618,17.3023,3.8981,0.816723,25.5722,34.3132,27.1983,20.2915,14.0641,14.0641,1014.53963681,1.01746607,5.58199766,27.9385,6.25,8.4821,11.0
21,2019-07-18T00:00:00Z,A001520,5d1bb99ccd3ab1eb0a649185,40.3551,-74.7395,251.955,0.0112767,2.35871,17.5744,1.702,0.811048,13.4735,32.6395,26.0972,22.5093,2.57803,2.57803,1012.90169868,1.00919656,2.3803998,25.9089,11.4167,0.19763,9.0
22,2019-07-19T00:00:00Z,A001520,5d1bb99ccd3ab1eb0a649185,40.3551,-74.7396,270.001,0.0485091,5.301069999999999,18.0467,3.9811,0.8231290000000001,25.500999999999998,35.117,27.3035,20.9765,0.222138,0.222138,1013.18915887,1.02679832,5.44313215,27.9536,10.4167,-5.2209900000000005,11.75
23,2019-07-20T00:00:00Z,A001520,5d1bb99ccd3ab1eb0a649185,40.3551,-74.7396,289.21299999999997,0.0627852,6.03694,19.212,4.6506,0.8262280000000001,28.145,35.2656,28.985,23.1585,0.44469200000000003,0.44469200000000003,1011.85006435,1.03131465,6.22598775,29.7119,9.9167,-5.7813,11.41666667
24,2019-07-21T00:00:00Z,A001520,5d1bb99ccd3ab1eb0a649185,40.3551,-74.7396,308.05400000000003,0.0653016,5.46398,18.8409,5.3297,0.8282780000000001,25.9605,34.6188,28.7399,23.063000000000002,1.3699299999999999,1.3699299999999999,1010.70475854,1.03430083,5.65139687,29.5362,8.3333,-4.28147,11.66666667
25,2019-07-22T00:00:00Z,A001520,5d1bb99ccd3ab1eb0a649185,40.3551,-74.7396,325.893,0.05107659999999999,4.7786599999999995,17.8389,3.34025,0.825415,22.616999999999997,35.0866,26.5373,20.5912,10.7463,10.7463,1010.08567623,1.03013015,4.92263986,26.6277,11.8334,5.82366,9.25
26,2019-07-23T00:00:00Z,A001520,5d1bb99ccd3ab1eb0a649185,40.3551,-74.7395,338.746,-0.030041900000000003,1.6063100000000001,12.8531,0.82195,0.810157,10.1356,28.1782,22.0344,17.5279,25.4294,25.4294,1010.99601851,1.00789815,1.61899564,22.366999999999997,9.0833,23.8104,8.75
27,2019-07-24T00:00:00Z,A001520,5d1bb99ccd3ab1eb0a649185,40.3551,-74.7396,353.36300000000006,0.057400400000000004,5.11895,14.6171,4.0776,0.8263950000000001,23.6041,32.2441,23.621,16.99,0.462372,0.462372,1014.85235302,1.03155819,5.28049482,24.0796,10.1667,-4.8181199999999995,12.0
28,2019-07-25T00:00:00Z,A001520,5d1bb99ccd3ab1eb0a649185,40.3552,-74.7395,366.654,0.0655109,6.07167,13.2905,2.6430000000000002,0.830879,26.9204,31.9586,23.4703,14.6224,0.0,0.0,1020.03585678,1.03809126,6.30294545,24.0062,10.5,-6.30295,11.66666667
29,2019-07-26T00:00:00Z,A001520,5d1bb99ccd3ab1eb0a649185,40.355,-74.7399,381.00300000000004,0.06556310000000001,6.1254599999999995,14.3488,3.06935,0.8264600000000001,26.5935,34.1994,23.9728,14.4981,0.0,0.0,1024.71409136,1.03165151,6.31933723,24.7137,8.6667,-6.31934,11.41666667
30,2019-07-27T00:00:00Z,A001520,5d1bb99ccd3ab1eb0a649185,40.3552,-74.7396,396.098,0.0625162,6.11439,15.0949,2.73655,0.823556,26.8075,34.7738,24.9432,15.4161,0.0,0.0,1024.59192397,1.02742157,6.28205968,25.2102,8.6667,-6.2820599999999995,11.41666667
31,2019-07-28T00:00:00Z,A001520,5d1bb99ccd3ab1eb0a649185,40.3552,-74.7396,412.339,0.0675442,6.1124,16.2416,2.51,0.8272930000000001,27.2491,35.0708,25.8567,17.4123,0.207724,0.207724,1020.25537188,1.03286652,6.31329338,26.0024,9.75,-6.105569999999999,11.41666667
32,2019-07-29T00:00:00Z,A001520,5d1bb99ccd3ab1eb0a649185,40.3551,-74.7396,429.06300000000005,0.0585198,5.64246,16.7236,3.3531,0.8265379999999999,25.7285,34.8634,26.3832,18.5838,0.0,0.0,1016.92879078,1.03176527,5.82169688,26.9623,10.1667,-5.8217,11.41666667
33,2019-07-30T00:00:00Z,A001520,5d1bb99ccd3ab1eb0a649185,40.3551,-74.7396,445.64599999999996,0.06450059999999999,5.51668,16.5833,2.98795,0.830126,24.9286,34.4276,26.8539,18.739,0.0,0.0,1016.32725648,1.0369938,5.72075898,27.0492,7.75,-5.72076,11.5
34,2019-07-31T00:00:00Z,A001520,5d1bb99ccd3ab1eb0a649185,40.3551,-74.7395,461.51300000000003,0.0133058,2.53798,15.8667,1.7937,0.8242209999999999,13.6421,33.4156,24.0485,18.3178,4.2693,4.2693,1017.64512203,1.02838973,2.61003577,24.1788,10.8334,1.65926,8.25
35,2019-08-01T00:00:00Z,A001520,5d1bb99ccd3ab1eb0a649185,40.3551,-74.7393,477.181,0.0672318,4.89901,15.6682,2.81325,0.834376,22.3961,33.8047,24.774,17.5317,0.0,0.0,1019.38664792,1.04318511,5.11057227,25.1873,10.5833,-5.11057,11.5
36,2019-08-02T00:00:00Z,A001520,5d1bb99ccd3ab1eb0a649185,40.3551,-74.7395,491.898,0.0389102,4.309769999999999,14.7169,-0.3156,0.832009,20.1057,32.39,23.5888,17.0438,0.0,0.0,1020.59895779,1.03973686,4.48102249,23.8596,10.8334,-4.48102,11.25
37,2019-08-03T00:00:00Z,A001520,5d1bb99ccd3ab1eb0a649185,40.3551,-74.7395,507.879,0.066004,5.3597,15.9816,2.19265,0.838103,24.0545,34.3874,25.3331,17.5757,0.0,0.0,1017.31624836,1.0486156,5.6202628,25.5467,10.6666,-5.62026,10.66666667
38,2019-08-04T00:00:00Z,A001520,5d1bb99ccd3ab1eb0a649185,40.3551,-74.7396,524.315,0.0740437,5.82655,16.435,2.74845,0.8390340000000001,25.7146,33.4386,25.9551,19.4315,0.0,0.0,1014.01887347,1.04997213,6.11771358,26.393,9.1667,-6.11771,10.91666667
39,2019-08-05T00:00:00Z,A001520,5d1bb99ccd3ab1eb0a649185,40.3551,-74.7395,539.681,0.034186699999999993,2.52629,15.3663,1.1794,0.834434,11.1187,32.9036,23.7639,17.829,0.0,0.0,1015.88970325,1.04327052,2.63560674,23.8798,2.3334,,6.16666667
