,time,device,location,lat,long,CGDD,Cl,ET,GDD,LfAirDelta,NDVI,SWdw,maxT,meanT,minT,prate,precip,SLP,Kc,ETc,mean_tbelow,lfw,crop_water_demand,sunshine_duration
0,2019-07-02T00:00:00Z,A002032,5d1bc4e6388cfb433dff1942,40.3557,-74.7386,,,0.19653299999999999,17.6646,,,1.9143400000000002,34.4108,25.0265,20.9184,2.2475,2.2475,1009.72191099,,,24.51,3.0833,2.2475,1.58333333
1,2019-07-03T00:00:00Z,A002032,5d1bc4e6388cfb433dff1942,40.3558,-74.7387,17.7278,0.32904,3.88605,17.7278,-0.59985,0.773199,20.4964,34.7396,26.2439,20.715999999999998,0.0,0.0,1011.92775984,0.95405116,3.70748599,26.125999999999998,10.0833,-3.70749,10.5
2,2019-07-04T00:00:00Z,A002032,5d1bc4e6388cfb433dff1942,40.3557,-74.7386,33.457,0.33765700000000004,5.91854,15.7292,2.8019,0.784084,28.0663,33.5277,26.1415,17.9307,0.0,0.0,1017.40536533,0.96991063,5.74045522,26.2787,8.8334,-5.74046,11.33333333
3,2019-07-05T00:00:00Z,A002032,5d1bc4e6388cfb433dff1942,40.3557,-74.7385,50.0555,0.33434899999999995,3.17232,16.5985,2.03095,0.78401,17.8751,32.8678,25.6539,20.3292,0.0,0.0,1019.85882514,0.969802,3.07652622,25.8188,9.5833,-3.07653,10.16666667
4,2019-07-06T00:00:00Z,A002032,5d1bc4e6388cfb433dff1942,40.3558,-74.7389,66.3999,0.352419,2.32115,16.3444,-0.05835,0.768929,15.1961,31.2759,25.5428,21.4128,11.0332,11.0332,1014.0064464,0.94782929,2.20005009,25.7075,11.1667,8.83315,8.66666667
5,2019-07-07T00:00:00Z,A002032,5d1bc4e6388cfb433dff1942,40.3558,-74.7389,82.9181,0.351546,3.9022699999999997,16.5182,0.70785,0.786561,21.1181,31.921,25.2131,21.1154,0.0,0.0,1012.7392275000001,0.97351948,3.79893355,25.3429,6.9167,-3.7989300000000004,10.33333333
6,2019-07-08T00:00:00Z,A002032,5d1bc4e6388cfb433dff1942,40.3558,-74.7389,97.6011,0.388295,2.0162400000000003,14.683,2.2603,0.773618,13.2735,31.6443,22.4094,17.7216,11.5564,11.5564,1015.66294261,0.95466072,1.92482137,23.1467,1.6666,9.63158,8.25
7,2019-07-09T00:00:00Z,A002032,5d1bc4e6388cfb433dff1942,40.3556,-74.7385,112.51,0.333731,5.09149,14.9092,2.30625,0.790759,25.1393,34.2434,24.6271,15.575,0.0,0.0,1017.92980247,0.97963596,4.98780318,25.3972,4.0833,-4.9878,11.66666667
8,2019-07-10T00:00:00Z,A002032,5d1bc4e6388cfb433dff1942,40.3557,-74.7386,127.647,0.34971399999999997,4.83159,15.1369,1.5818,0.7892359999999999,24.1846,32.6264,25.4939,17.6473,0.0,0.0,1017.53641967,0.97741747,4.72247716,25.8258,7.6666,-4.72248,11.75
9,2019-07-11T00:00:00Z,A002032,5d1bc4e6388cfb433dff1942,40.3557,-74.7386,140.977,0.349598,1.5368600000000001,13.3301,0.0893,0.765501,11.026,29.5862,23.3181,17.0741,30.1739,30.1739,1013.1550142000001,0.94283521,1.44900136,23.8789,9.8333,28.7249,7.33333333
10,2019-07-12T00:00:00Z,A002032,5d1bc4e6388cfb433dff1942,40.3557,-74.7386,156.29,0.35994499999999996,4.97196,15.3125,2.10205,0.779037,25.9925,31.8102,24.8663,18.8148,0.0,0.0,1008.99198274,0.96255702,4.78579117,25.7726,6.9167,-4.78579,12.0
11,2019-07-13T00:00:00Z,A002032,5d1bc4e6388cfb433dff1942,40.3557,-74.7386,170.99400000000003,0.364561,5.14583,14.7045,3.72475,0.7782020000000001,26.4296,33.0384,23.8619,16.3706,0.0,0.0,1014.15976435,0.96134075,4.94689975,24.8162,9.4166,-4.9469,12.0
12,2019-07-14T00:00:00Z,A002032,5d1bc4e6388cfb433dff1942,40.3557,-74.7386,186.13,0.351423,5.21282,15.1354,2.3555,0.7782819999999999,25.9093,32.584,24.74,17.6868,0.0,0.0,1014.96268106,0.96145719,5.01190431,25.3794,6.9167,-5.0119,12.0
13,2019-07-15T00:00:00Z,A002032,5d1bc4e6388cfb433dff1942,40.3557,-74.7386,199.15,0.354775,5.80104,13.0201,4.52685,0.781568,28.5131,31.9657,22.95,14.0744,0.0,0.0,1018.58383981,0.96624439,5.60522049,24.2601,5.75,-5.60505,12.0
14,2019-07-16T00:00:00Z,A002032,5d1bc4e6388cfb433dff1942,40.3557,-74.7386,213.90900000000002,0.354908,5.41331,14.7592,3.35325,0.774935,27.2101,34.045,24.9127,15.4734,0.207998,0.207998,1018.6436992,0.95657975,5.17826119,25.6563,7.1667,-4.97026,11.75
15,2019-07-17T00:00:00Z,A002032,5d1bc4e6388cfb433dff1942,40.3557,-74.7386,231.40200000000002,0.346846,4.68244,17.4935,2.6648,0.771256,24.3438,35.0876,27.154,19.8994,15.2061,15.2061,1014.80347928,0.95122057,4.45402986,27.4462,6.0833,10.7521,10.91666667
16,2019-07-18T00:00:00Z,A002032,5d1bc4e6388cfb433dff1942,40.3557,-74.7386,248.96,0.33142,1.87915,17.5576,1.27805,0.7656689999999999,12.9769,33.9418,25.8881,21.1735,2.50631,2.50631,1013.18164231,0.94307935,1.77218577,25.7512,12.4167,0.734124,9.0
17,2019-07-19T00:00:00Z,A002032,5d1bc4e6388cfb433dff1942,40.3558,-74.7386,266.379,0.352441,4.40342,17.4184,1.83075,0.7722220000000001,24.2627,33.8439,26.9783,20.993000000000002,0.0,0.0,1013.51374933,0.95262802,4.19482193,27.2235,10.5,-4.19482,11.75
18,2019-07-20T00:00:00Z,A002032,5d1bc4e6388cfb433dff1942,40.3556,-74.7387,284.89099999999996,0.34738,5.19157,18.5126,2.6503,0.7749090000000001,26.9808,35.2508,28.771,21.7743,0.0,0.0,1012.18960406,0.95654304,4.96595834,28.9154,10.3334,-4.96596,11.41666667
19,2019-07-21T00:00:00Z,A002032,5d1bc4e6388cfb433dff1942,40.3556,-74.7387,303.397,0.35013299999999997,4.71905,18.5056,2.66925,0.7741,24.9004,35.3932,28.8457,21.618000000000002,1.46449,1.46449,1011.09287468,0.9553642,4.50841424,28.7789,8.0833,-3.04392,11.75
20,2019-07-22T00:00:00Z,A002032,5d1bc4e6388cfb433dff1942,40.3557,-74.7385,320.871,0.347493,4.03178,17.474,2.699,0.771249,21.6296,34.3209,26.3098,20.6271,10.4975,10.4975,1010.30472774,0.9512093,3.83506765,26.3839,10.8334,6.6624300000000005,9.16666667
21,2019-07-23T00:00:00Z,A002032,5d1bc4e6388cfb433dff1942,40.3558,-74.7386,333.783,0.36498600000000003,1.2148,12.9122,0.96735,0.752016,9.65734,28.1548,21.8574,17.6695,26.9011,26.9011,1011.15731497,0.92318796,1.12148694,22.4012,7.0,25.7796,8.83333333
22,2019-07-24T00:00:00Z,A002032,5d1bc4e6388cfb433dff1942,40.3557,-74.7386,348.89,0.357414,4.5208,15.1074,2.8687,0.767742,22.8455,33.3276,23.6787,16.8873,0.6588930000000001,0.6588930000000001,1015.08699667,0.94610067,4.27713577,24.2534,9.5834,-3.61824,12.08333333
23,2019-07-25T00:00:00Z,A002032,5d1bc4e6388cfb433dff1942,40.3557,-74.7387,362.30300000000005,0.34418000000000004,5.28884,13.4124,3.9035,0.768638,25.7737,32.0038,23.3153,14.8211,0.0,0.0,1020.58908071,0.94740546,5.01067585,23.956999999999997,10.1667,-5.010680000000001,11.66666667
24,2019-07-26T00:00:00Z,A002032,5d1bc4e6388cfb433dff1942,40.3557,-74.7386,376.8,0.339669,5.36726,14.4976,1.4678,0.768868,25.3381,34.7588,24.2265,14.2363,0.0,0.0,1025.0531154999999,0.94774073,5.08677489,24.601999999999997,8.5833,-5.08665,11.66666667
25,2019-07-27T00:00:00Z,A002032,5d1bc4e6388cfb433dff1942,40.3557,-74.7386,392.47,0.350543,5.285819999999999,15.67,1.78965,0.7666430000000001,25.788,35.3726,24.9225,15.9674,0.0,0.0,1024.71418551,0.94449837,4.9924462,25.1202,9.5,-4.99247,11.58333333
26,2019-07-28T00:00:00Z,A002032,5d1bc4e6388cfb433dff1942,40.3557,-74.7386,407.574,0.36086399999999996,5.013380000000001,15.1041,3.18075,0.767538,26.0273,33.4121,24.6915,16.7961,0.0,0.0,1020.42099965,0.9458028,4.74166683,25.185,10.4168,-4.74167,11.58333333
27,2019-07-29T00:00:00Z,A002032,5d1bc4e6388cfb433dff1942,40.3558,-74.7386,423.789,0.358984,4.89544,16.2146,1.3346,0.760868,24.6568,34.097,26.1597,18.3323,0.0,0.0,1017.16672927,0.93608481,4.58254607,26.1989,10.75,-4.58255,11.41666667
28,2019-07-30T00:00:00Z,A002032,5d1bc4e6388cfb433dff1942,40.3558,-74.7386,440.57599999999996,0.360846,4.68168,16.7871,2.72325,0.761739,23.8345,34.4162,26.7148,19.1581,0.0,0.0,1016.59023437,0.93735431,4.38838914,26.7642,7.8334,-4.38839,11.41666667
29,2019-07-31T00:00:00Z,A002032,5d1bc4e6388cfb433dff1942,40.3557,-74.7387,456.94599999999997,0.335095,2.07905,16.3701,-0.2773,0.749391,13.1686,34.2874,24.0066,18.4527,4.13046,4.13046,1017.86822999,0.91936251,1.91139988,24.1286,10.9167,2.21906,8.25
30,2019-08-01T00:00:00Z,A002032,5d1bc4e6388cfb433dff1942,40.3558,-74.7386,472.99800000000005,0.342079,4.314030000000001,16.0522,2.15415,0.7655,21.6869,34.4662,24.9905,17.6382,0.0,0.0,1019.66297251,0.94283337,4.06741473,25.1636,10.9166,-4.06741,11.5
31,2019-08-02T00:00:00Z,A002032,5d1bc4e6388cfb433dff1942,40.3558,-74.7386,487.57800000000003,0.376119,3.67665,14.5794,-0.57655,0.7595930000000001,19.1823,31.8797,23.8574,17.279,0.0,0.0,1020.75955241,0.93422678,3.43482727,23.8734,10.8334,-3.4348300000000003,11.08333333
32,2019-08-03T00:00:00Z,A002032,5d1bc4e6388cfb433dff1942,40.3558,-74.7386,503.545,0.356954,4.548,15.9671,2.70645,0.765901,22.8805,34.231,25.1499,17.7033,0.0,0.0,1017.48419493,0.9434176999999999,4.290664700000001,25.4838,10.1666,-4.29066,10.33333333
33,2019-08-04T00:00:00Z,A002032,5d1bc4e6388cfb433dff1942,40.3557,-74.7386,520.581,0.358396,5.15742,17.0364,1.9083,0.762984,24.686999999999998,34.7367,26.1129,19.3361,0.0,0.0,1014.52152132,0.93916816,4.84368147,26.3266,9.3333,-4.84368,10.91666667
34,2019-08-05T00:00:00Z,A002032,5d1bc4e6388cfb433dff1942,40.3557,-74.7386,536.406,0.366221,2.8029599999999997,15.8254,-0.2519,0.753209,12.5585,33.7453,24.1772,17.9056,0.0,0.0,1016.25098281,0.92492597,2.59252837,24.2645,2.4166,,6.91666667
