,time,device,location,lat,long,CGDD,Cl,ET,GDD,LfAirDelta,NDVI,SWdw,maxT,meanT,minT,prate,precip,SLP,Kc,ETc,mean_tbelow,lfw,crop_water_demand,sunshine_duration
0,2019-07-02T00:00:00Z,A001930,5d1bc4b9388cfb433dff18fd,40.3558,-74.7384,,,0.359087,17.3449,,,2.11672,33.9598,24.9526,20.73,3.4766800000000004,3.4766800000000004,1008.29844087,,,24.705,3.1666,3.4766800000000004,1.5
1,2019-07-03T00:00:00Z,A001930,5d1bc4b9388cfb433dff18fd,40.3558,-74.7384,17.33,0.0634096,4.243130000000001,17.33,0.87255,0.734931,21.4869,33.8833,25.8159,20.7766,0.0,0.0,1010.74186569,0.89829515,3.81158775,26.2007,10.1667,-3.8115900000000003,10.41666667
2,2019-07-04T00:00:00Z,A001930,5d1bc4b9388cfb433dff18fd,40.3558,-74.7385,32.4016,0.051363599999999995,6.35305,15.0716,2.7542,0.7497520000000001,29.299,32.3946,25.9413,17.7485,0.0,0.0,1016.14232248,0.91988819,5.84409538,26.3816,8.4167,-5.8441,11.58333333
3,2019-07-05T00:00:00Z,A001930,5d1bc4b9388cfb433dff18fd,40.3559,-74.7382,48.3123,0.0517418,3.48735,15.9107,2.5969,0.74911,18.8884,32.7142,25.4834,19.1072,0.0,0.0,1018.75972809,0.9189531999999999,3.20471537,25.9683,9.4167,-3.20472,10.58333333
4,2019-07-06T00:00:00Z,A001930,5d1bc4b9388cfb433dff18fd,40.3558,-74.7384,64.6143,0.10120499999999999,2.50065,16.302,0.0767,0.744505,15.8008,31.1052,25.5103,21.4988,13.1091,13.1091,1013.03320344,0.91224312,2.28120123,25.8203,11.1666,10.8279,8.83333333
5,2019-07-07T00:00:00Z,A001930,5d1bc4b9388cfb433dff18fd,40.3558,-74.7384,81.0884,0.0746585,4.31583,16.4741,0.45975,0.752939,21.9277,31.9681,25.0415,20.98,0.0,0.0,1011.64239077,0.92453239,3.99012299,25.3752,7.6668,-3.9901199999999997,10.33333333
6,2019-07-08T00:00:00Z,A001930,5d1bc4b9388cfb433dff18fd,40.3558,-74.7385,95.2033,0.108708,2.39673,14.1149,1.3478,0.747329,14.4116,30.6157,22.2726,17.614,15.8433,15.8433,1014.62658994,0.91635855,2.19626022,22.7821,8.0832,13.647,8.5
7,2019-07-09T00:00:00Z,A001930,5d1bc4b9388cfb433dff18fd,40.3556,-74.7385,109.60799999999999,0.0470314,5.52536,14.4047,2.93975,0.760121,26.2673,33.4856,24.3906,15.3238,0.0,0.0,1016.79608159,0.93499651,5.16619629,25.112,10.5833,-5.1662,11.75
8,2019-07-10T00:00:00Z,A001930,5d1bc4b9388cfb433dff18fd,40.3558,-74.7384,124.39399999999999,0.0643415,5.12533,14.7863,2.46455,0.7592869999999999,24.9254,32.164,25.1285,17.4085,0.0,0.0,1016.43999388,0.93378059,4.78593137,25.6789,7.3333,-4.7859300000000005,11.75
9,2019-07-11T00:00:00Z,A001930,5d1bc4b9388cfb433dff18fd,40.3558,-74.7384,137.776,0.08432150000000001,1.7786099999999998,13.3814,-0.0237,0.735083,11.7502,29.5208,23.1398,17.242,52.1925,52.1925,1012.28007651,0.89851595,1.59810523,23.674,10.9167,50.5944,7.58333333
10,2019-07-12T00:00:00Z,A001930,5d1bc4b9388cfb433dff18fd,40.3558,-74.7385,152.963,0.0669304,5.34813,15.1872,2.77385,0.755031,27.1145,31.5554,24.5833,18.819000000000003,0.0,0.0,1007.97067528,0.9275805,4.96081919,25.5791,7.0833,-4.96082,12.16666667
11,2019-07-13T00:00:00Z,A001930,5d1bc4b9388cfb433dff18fd,40.3558,-74.7385,167.766,0.07372519999999999,5.59385,14.8036,4.16685,0.754141,27.6109,32.8034,23.7306,16.8038,0.213243,0.213243,1013.20696667,0.92628305,5.18148974,24.609,9.75,-4.96825,12.08333333
12,2019-07-14T00:00:00Z,A001930,5d1bc4b9388cfb433dff18fd,40.3558,-74.7385,182.646,0.0611326,5.715330000000001,14.88,3.18275,0.753346,27.1931,32.4148,24.5699,17.3452,0.0,0.0,1013.86758922,0.925125,5.28739674,25.2762,7.3333,-5.28742,12.0
13,2019-07-15T00:00:00Z,A001930,5d1bc4b9388cfb433dff18fd,40.3558,-74.7384,195.6,0.059213800000000004,6.30781,12.9534,4.66665,0.756055,29.6922,32.028,22.8536,13.8787,0.0,0.0,1017.45561364,0.92907181,5.86040475,24.2071,8.5001,-5.8604,11.91666667
14,2019-07-16T00:00:00Z,A001930,5d1bc4b9388cfb433dff18fd,40.3558,-74.7385,210.30599999999998,0.06367919999999999,5.97235,14.706,4.29965,0.7510859999999999,28.5601,34.3154,24.9483,15.0966,0.0,0.0,1017.35397681,0.92183232,5.50550606,25.7468,7.0834,-5.50551,12.0
15,2019-07-17T00:00:00Z,A001930,5d1bc4b9388cfb433dff18fd,40.3558,-74.7385,227.476,0.0615379,5.21171,17.1698,3.5202,0.74962,25.8836,34.376999999999995,26.8916,19.9626,16.7077,16.7077,1013.57942304,0.91969705,4.79319598,27.6464,5.3333,11.9145,11.0
16,2019-07-18T00:00:00Z,A001930,5d1bc4b9388cfb433dff18fd,40.3558,-74.7385,245.422,0.057253099999999994,2.16539,17.9463,1.6275,0.74275,13.7171,33.7284,25.8899,22.1641,2.5735799999999998,2.5735799999999998,1011.92184668,0.90968742,1.96982671,25.904,12.0834,0.603753,9.25
17,2019-07-19T00:00:00Z,A001930,5d1bc4b9388cfb433dff18fd,40.3558,-74.7384,262.743,0.064719,4.78299,17.3207,3.28165,0.752644,25.2007,34.0806,26.824,20.5607,0.0,0.0,1012.14770694,0.92410183,4.41997421,27.416,10.4167,-4.419969999999999,11.75
18,2019-07-20T00:00:00Z,A001930,5d1bc4b9388cfb433dff18fd,40.3558,-74.7385,281.751,0.0595076,5.71181,19.0084,3.4821,0.755681,28.2271,35.2234,28.5295,22.7935,0.0,0.0,1010.77968417,0.92852679,5.30356973,29.0944,9.9166,-5.30357,11.5
19,2019-07-21T00:00:00Z,A001930,5d1bc4b9388cfb433dff18fd,40.3558,-74.7385,300.673,0.0598759,5.17814,18.9216,2.7478,0.7540899999999999,25.938000000000002,34.9452,28.6482,22.8979,1.60142,1.60142,1009.64333328,0.9262087,4.79603602,28.9724,7.9167,-3.19462,11.83333333
20,2019-07-22T00:00:00Z,A001930,5d1bc4b9388cfb433dff18fd,40.3557,-74.7385,317.786,0.0626842,4.528919999999999,17.1131,3.52565,0.753564,22.8609,33.4638,26.0534,20.7624,12.7132,12.7132,1009.00167734,0.92544318,4.19125655,26.4706,10.6667,8.521939999999999,9.25
21,2019-07-23T00:00:00Z,A001930,5d1bc4b9388cfb433dff18fd,40.3557,-74.7385,330.874,0.098173,1.47604,13.0884,1.1224,0.73134,10.2235,28.4044,21.8308,17.7723,30.643,30.643,1009.92610469,0.89306184,1.31819086,22.4646,6.4167,29.3248,8.83333333
22,2019-07-24T00:00:00Z,A001930,5d1bc4b9388cfb433dff18fd,40.3558,-74.7385,345.55699999999996,0.0639596,5.05819,14.6826,2.8588,0.755285,24.1518,32.3489,23.4846,17.0162,0.570937,0.570937,1013.59581145,0.92795041,4.69375151,24.2287,8.1667,-4.122809999999999,12.08333333
23,2019-07-25T00:00:00Z,A001930,5d1bc4b9388cfb433dff18fd,40.3558,-74.7384,359.55699999999996,0.0544052,5.91099,14.0003,1.501,0.756498,27.0766,32.9394,23.4611,15.0613,0.0,0.0,1019.09006753,0.92971682,5.49554616,24.0465,8.6667,-5.49555,11.75
24,2019-07-26T00:00:00Z,A001930,5d1bc4b9388cfb433dff18fd,40.3558,-74.7384,373.714,0.051222199999999996,5.923030000000001,14.1572,2.08125,0.75808,26.5555,34.0258,24.041999999999998,14.2886,0.0,0.0,1023.91650321,0.93202331,5.52040513,24.7441,7.5833,-5.52038,11.66666667
25,2019-07-27T00:00:00Z,A001930,5d1bc4b9388cfb433dff18fd,40.3558,-74.7384,389.045,0.05771849999999999,5.98262,15.3309,2.59555,0.756883,27.1071,35.0248,25.0528,15.6371,0.0,0.0,1023.51499217,0.93027881,5.56550409,25.3476,8.5833,-5.5655,11.75
26,2019-07-28T00:00:00Z,A001930,5d1bc4b9388cfb433dff18fd,40.3558,-74.7384,404.329,0.0689774,5.64647,15.2842,3.41115,0.756415,27.3518,33.634,24.6701,16.9344,0.0,0.0,1019.03470354,0.92959612,5.24893982,25.3534,8.7499,-5.24894,11.58333333
27,2019-07-29T00:00:00Z,A001930,5d1bc4b9388cfb433dff18fd,40.3558,-74.7385,420.839,0.0701404,5.41164,16.5097,2.41955,0.752732,26.081,34.73,25.8731,18.2894,0.0,0.0,1015.76901359,0.92423121,5.00160779,26.3853,7.9167,-5.0016099999999994,11.58333333
28,2019-07-30T00:00:00Z,A001930,5d1bc4b9388cfb433dff18fd,40.3558,-74.7385,437.833,0.0718819,5.24866,16.9937,3.21175,0.7559670000000001,25.2225,34.8889,26.6454,19.0986,0.0,0.0,1015.23062297,0.92894417,4.87571371,26.9638,7.5,-4.87571,11.58333333
29,2019-07-31T00:00:00Z,A001930,5d1bc4b9388cfb433dff18fd,40.3558,-74.7385,453.68,0.0641729,2.51366,15.8469,1.1206,0.7429,14.1699,33.5274,23.805999999999997,18.1663,5.131530000000001,5.131530000000001,1016.57752603,0.90990518,2.28719581,24.2519,8.25,2.84433,8.33333333
30,2019-08-01T00:00:00Z,A001930,5d1bc4b9388cfb433dff18fd,40.3558,-74.7385,469.75199999999995,0.05157330000000001,4.93509,16.0724,2.31465,0.763044,23.2399,34.7356,24.759,17.4092,0.0,0.0,1018.29572502,0.93925541,4.63530924,25.22,9.25,-4.63531,11.5
31,2019-08-02T00:00:00Z,A001930,5d1bc4b9388cfb433dff18fd,40.3558,-74.7384,484.38300000000004,0.08931789999999999,4.01576,14.6308,-0.156,0.752491,19.7616,32.0228,23.6919,17.2388,0.0,0.0,1019.48002584,0.92387868,3.71007141,23.9317,9.0,-3.7100699999999995,11.16666667
32,2019-08-03T00:00:00Z,A001930,5d1bc4b9388cfb433dff18fd,40.3558,-74.7384,500.27,0.0639689,4.91942,15.8869,2.12905,0.7634479999999999,23.329,34.2191,25.2201,17.5548,0.0,0.0,1016.21011607,0.9398443999999999,4.62348681,25.5907,7.75,-4.62349,10.5
33,2019-08-04T00:00:00Z,A001930,5d1bc4b9388cfb433dff18fd,40.3558,-74.7384,517.036,0.0624327,5.27677,16.7662,2.45055,0.760898,24.4356,34.5398,25.9897,18.9926,0.0,0.0,1013.03553219,0.9361280999999999,4.93973527,26.5082,6.75,-4.9397400000000005,10.66666667
34,2019-08-05T00:00:00Z,A001930,5d1bc4b9388cfb433dff18fd,40.3558,-74.7384,532.577,0.07443630000000001,2.51335,15.5407,-0.4453,0.748417,11.468,33.2136,23.5862,17.8678,0.0,0.0,1014.83916141,0.91794337,2.30711657,23.964000000000002,0.5833,,6.5
