,time,device,location,lat,long,CGDD,Cl,ET,GDD,LfAirDelta,NDVI,SWdw,maxT,meanT,minT,prate,precip,SLP,Kc,ETc,mean_tbelow,lfw,crop_water_demand,sunshine_duration
0,2019-05-09T00:00:00Z,A001997,5cc71bf3388cfb3960d7ae19,37.4642,-121.92,,0.184359,0.531998,15.663,-0.3972,-0.5975090000000001,0.059117499999999996,26.2962,25.8716,25.0298,0.042465800000000005,0.042465800000000005,1008.9282879000001,-1.0430709999999999,-0.55491146,25.3592,0.0833,0.307728,
1,2019-05-10T00:00:00Z,A001997,5cc71bf3388cfb3960d7ae19,37.4641,-121.919,,0.0174841,1.0554299999999999,15.2017,0.20645,-0.6897310000000001,0.133651,27.6961,25.2545,22.7073,0.306101,0.306101,1011.34602583,-1.1774377,-1.242704,24.9306,0.0,1.21536,
2,2019-05-11T00:00:00Z,A001997,5cc71bf3388cfb3960d7ae19,37.4641,-121.919,,0.13930599999999999,1.14392,15.6731,-0.593,-0.284605,0.12495099999999999,26.814,25.348000000000003,24.5322,,,1015.97711058,-0.58716901,-0.67167402,24.8275,0.0,0.507497,
3,2019-05-12T00:00:00Z,A001997,5cc71bf3388cfb3960d7ae19,37.4641,-121.92,,0.21501599999999998,1.167,16.4345,-0.517,-0.168951,0.12655,28.4965,25.8865,24.3724,,,1016.87886339,-0.41866134,-0.48857697,25.1909,0.0,0.348025,
4,2019-05-13T00:00:00Z,A001997,5cc71bf3388cfb3960d7ae19,37.4641,-121.92,,,0.502024,14.7234,,,0.060712999999999996,25.7774,24.495,23.6694,0.0765567,0.0765566,1018.30406628,,,24.15,0.1666,,
5,2019-07-02T00:00:00Z,A001997,5d1bb0edc20513381fd6c416,40.3425,-74.7679,,,0.582784,18.0555,,,2.7427900000000003,34.5886,26.7258,21.5224,2.77371,2.77371,1009.68651765,,,26.229,3.3334,2.77371,2.66666667
6,2019-07-03T00:00:00Z,A001997,5d1bb0edc20513381fd6c416,40.3425,-74.7679,18.444000000000003,0.31938099999999997,4.29684,18.444000000000003,1.2417,0.633289,21.0002,35.3908,27.1728,21.4972,0.0,0.0,1012.00816542,0.75020201,3.22349876,27.3584,8.6667,-3.2235,10.41666667
7,2019-07-04T00:00:00Z,A001997,5d1bb0edc20513381fd6c416,40.3424,-74.7678,35.4179,0.350681,6.212940000000001,16.9739,2.98325,0.625816,28.7559,34.3054,26.7854,19.6425,0.0,0.0,1017.96363109,0.73931319,4.59330879,27.3915,6.9166,-4.5933,11.66666667
8,2019-07-05T00:00:00Z,A001997,5d1bb0edc20513381fd6c416,40.3424,-74.7678,53.0588,0.355649,3.5228800000000002,17.6409,3.2853,0.6706949999999999,18.2486,33.8712,26.478,21.4105,0.0,0.0,1020.5774239,0.80470292,2.83487238,26.7524,8.6666,-2.83487,10.41666667
9,2019-07-06T00:00:00Z,A001997,5d1bb0edc20513381fd6c416,40.3424,-74.7678,70.6768,0.41453999999999996,2.7719,17.618,-2.0624,0.7155199999999999,15.7387,33.268,26.3638,21.968000000000004,31.1413,31.1413,1014.98354204,0.87001288,2.41159082,26.3411,11.75,28.7297,9.08333333
10,2019-07-07T00:00:00Z,A001997,5d1bb0edc20513381fd6c416,40.3424,-74.7678,87.5854,0.380896,4.4007,16.9086,0.2442,0.734254,21.228,33.066,25.7817,20.7512,0.0,0.0,1013.85628459,0.89730761,3.94878068,25.4922,7.5834,-3.94878,10.33333333
11,2019-07-08T00:00:00Z,A001997,5d1bb0edc20513381fd6c416,40.3424,-74.7679,104.477,0.466215,2.42968,16.8915,0.03135,0.750391,13.3751,34.701,23.2862,19.0819,17.1896,17.1896,1016.72900032,0.92081992,2.23730126,23.3327,5.75,14.9523,7.66666667
12,2019-07-09T00:00:00Z,A001997,5d1bb0edc20513381fd6c416,40.3424,-74.7679,120.00299999999999,0.372529,5.51529,15.5262,3.326,0.750458,25.1114,34.703,25.561999999999998,16.3495,0.0,0.0,1018.84577425,0.92091717,5.07912768,26.5349,9.9167,-5.07913,11.75
13,2019-07-10T00:00:00Z,A001997,5d1bb0edc20513381fd6c416,40.3425,-74.7679,137.289,0.376952,4.84058,17.2859,3.42445,0.7642680000000001,22.0337,35.7304,26.7863,18.8415,0.0,0.0,1018.76084647,0.94103905,4.55517717,27.0736,7.0,-4.55518,11.25
14,2019-07-11T00:00:00Z,A001997,5d1bb0edc20513381fd6c416,40.3424,-74.7679,152.016,0.390577,1.67555,14.727,-0.4747,0.688407,10.2501,31.3759,24.0157,18.0781,52.4818,52.4818,1014.31309628,0.83050855,1.39155924,23.965999999999998,11.3333,51.0902,6.58333333
15,2019-07-12T00:00:00Z,A001997,5d1bb0edc20513381fd6c416,40.3424,-74.7679,169.66099999999997,0.203459,3.92426,17.6451,2.7515,0.486771,18.7979,35.5156,25.9221,19.7745,0.0,0.0,1009.9671069,0.53672589,2.10625322,26.4701,8.4167,-2.10625,10.91666667
16,2019-07-13T00:00:00Z,A001997,5d1bb0edc20513381fd6c416,40.3424,-74.7679,186.74,0.407977,6.2104800000000004,17.0786,3.8655,0.7477050000000001,28.0236,36.7008,25.5586,17.4565,0.0,0.0,1014.92699199,0.91690659,5.69442994,26.5562,3.9166,-5.6944300000000005,11.83333333
17,2019-07-14T00:00:00Z,A001997,5d1bb0edc20513381fd6c416,40.3424,-74.7679,203.66,0.397366,5.69147,16.9207,2.72965,0.752174,25.4269,35.1183,26.2218,18.723,0.0,0.0,1015.65166845,0.92341761,5.2556032,26.7255,6.0834,-5.2556,11.66666667
18,2019-07-15T00:00:00Z,A001997,5d1bb0edc20513381fd6c416,40.3424,-74.7679,218.864,0.353622,5.25239,15.2038,3.5852,0.742172,24.0529,35.209,24.6632,15.1987,0.0,0.0,1019.39302219,0.90884389,4.77360696,25.5662,7.8334,-4.77361,11.0
19,2019-07-16T00:00:00Z,A001997,5d1bb0edc20513381fd6c416,40.3424,-74.7678,235.32299999999998,0.338562,5.00481,16.459,4.20625,0.736617,22.4547,36.4672,26.6055,16.4509,0.0,0.0,1019.41501131,0.90075078,4.5080888,27.3099,7.0,-4.50809,11.08333333
20,2019-07-17T00:00:00Z,A001997,5d1bb0edc20513381fd6c416,40.3424,-74.7679,253.828,0.352515,4.295059999999999,18.5044,5.0805,0.735366,20.5342,35.797,27.6353,21.2118,9.25796,9.25796,1015.44092118,0.89892803,3.86094752,28.9702,8.0001,5.39701,10.33333333
21,2019-07-18T00:00:00Z,A001997,5d1bb0edc20513381fd6c416,40.3425,-74.7679,272.17400000000004,0.395027,1.22145,18.3463,0.53625,0.740645,9.25344,33.9798,26.2541,22.7128,2.99667,2.99667,1013.75817231,0.90662029,1.10739242,25.8861,11.6668,1.8892799999999998,7.5
22,2019-07-19T00:00:00Z,A001997,5d1bb0edc20513381fd6c416,40.3424,-74.7679,290.319,0.35839099999999996,3.38829,18.1455,4.2051,0.730755,17.6177,35.1552,27.8333,21.1359,0.928017,0.928017,1014.15715772,0.89220989,3.02306184,28.7118,9.6668,-2.09504,10.66666667
23,2019-07-20T00:00:00Z,A001997,5d1bb0edc20513381fd6c416,40.3425,-74.7679,309.725,0.344973,4.25325,19.4055,5.6799,0.7308819999999999,21.4519,34.751999999999995,29.2383,24.0589,0.0,0.0,1012.9805869999999,0.89239442,3.79557341,30.7737,9.9167,-3.7955699999999997,10.66666667
24,2019-07-21T00:00:00Z,A001997,5d1bb0edc20513381fd6c416,40.3424,-74.7679,331.121,0.352004,3.35218,21.3962,6.428999999999999,0.742923,17.6037,38.542,29.6107,24.2503,0.0,0.0,1011.90234145,0.90993952,3.05028268,30.6901,7.1667,-3.05028,9.91666667
25,2019-07-22T00:00:00Z,A001997,5d1bb0edc20513381fd6c416,40.3425,-74.7679,348.54900000000004,0.368514,3.73569,17.4282,4.0475,0.744037,18.4089,33.5438,26.6037,21.3127,9.05025,9.05025,1010.95276836,0.91156245,3.40531356,27.7371,10.3333,5.64494,8.83333333
26,2019-07-23T00:00:00Z,A001997,5d1bb0edc20513381fd6c416,40.3425,-74.7679,361.12199999999996,0.443538,1.0788799999999998,12.5723,-0.37485,0.74571,7.73615,28.8668,22.6968,16.2778,35.4947,35.4947,1011.76158485,0.91400022,0.98610027,22.9499,8.0833,34.5086,7.33333333
27,2019-07-24T00:00:00Z,A001997,5d1bb0edc20513381fd6c416,40.3424,-74.7679,376.534,0.38245999999999997,4.772869999999999,15.4125,1.1675,0.750827,21.7445,33.3946,24.4522,17.4305,0.8555940000000001,0.8555940000000001,1015.66534269,0.9214551,4.39798224,25.3025,9.6667,-3.54239,11.0
28,2019-07-25T00:00:00Z,A001997,5d1bb0edc20513381fd6c416,40.3425,-74.7677,391.414,0.36828299999999997,4.8684,14.8798,2.88755,0.748617,22.0105,33.7022,24.397,16.0574,0.0,0.0,1020.88792187,0.91823565,4.47033446,25.4114,9.6668,-4.470330000000001,10.83333333
29,2019-07-26T00:00:00Z,A001997,5d1bb0edc20513381fd6c416,40.3424,-74.7679,405.945,0.374867,5.12015,14.5307,2.84895,0.750785,22.8144,33.7135,24.8572,15.3478,0.0,0.0,1025.54356532,0.92139408,4.71767189,25.9254,6.9167,-4.71767,11.33333333
30,2019-07-27T00:00:00Z,A001997,5d1bb0edc20513381fd6c416,40.3424,-74.7679,421.599,0.397894,5.39214,15.6543,3.22895,0.754576,23.971999999999998,34.2716,25.813000000000002,17.0369,0.0,0.0,1025.33474464,0.92691698,4.99806218,26.3967,6.6667,-4.99806,11.83333333
31,2019-07-28T00:00:00Z,A001997,5d1bb0edc20513381fd6c416,40.3424,-74.7679,437.94300000000004,0.400071,5.47474,16.344,3.04625,0.757633,24.6928,34.9614,26.6475,17.7265,0.0,0.0,1020.8554285,0.93137142,5.09901904,27.096999999999998,4.0,-5.099019999999999,11.66666667
32,2019-07-29T00:00:00Z,A001997,5d1bb0edc20513381fd6c416,40.3424,-74.7679,454.874,0.406623,5.18811,16.9306,2.83295,0.760212,23.8741,34.937,27.2578,18.9242,0.0,0.0,1017.5497705,0.93512917,4.85155374,27.9176,7.9999,-4.85155,11.58333333
33,2019-07-30T00:00:00Z,A001997,5d1bb0edc20513381fd6c416,40.3424,-74.7679,472.28,0.41880600000000007,5.07564,17.4067,3.36465,0.761447,23.0869,34.5924,27.57,20.2209,0.0,0.0,1016.98088022,0.93692781,4.75550948,27.7946,6.9167,-4.75551,11.41666667
34,2019-07-31T00:00:00Z,A001997,5d1bb0edc20513381fd6c416,40.3424,-74.7679,488.496,0.448342,2.67295,16.2154,0.5629,0.761716,14.1415,33.4838,24.5379,18.947,3.5783,3.5783,1018.25154654,0.93731982,2.50540701,24.7119,8.1667,1.07289,8.91666667
35,2019-08-01T00:00:00Z,A001997,5d1bb0edc20513381fd6c416,40.3424,-74.7679,504.42,0.45644799999999996,4.2264,15.9246,-0.0181,0.763324,20.0796,33.6826,25.0691,18.1665,0.234008,0.234008,1019.96516956,0.93966378,3.97139271,25.2277,8.3333,-3.7373800000000004,11.33333333
36,2019-08-02T00:00:00Z,A001997,5d1bb0edc20513381fd6c416,40.3424,-74.7679,519.04,0.49166499999999996,3.1959400000000002,14.6202,0.6151,0.761126,16.3403,31.5708,24.0767,17.6697,0.0,0.0,1021.1013806,0.9364604,2.99287486,24.2435,8.8333,-2.99287,10.66666667
37,2019-08-03T00:00:00Z,A001997,5d1bb0edc20513381fd6c416,40.3424,-74.7679,534.891,0.440748,4.47052,15.8504,2.55485,0.7626649999999999,21.1192,33.8942,25.7176,17.8066,0.2015,0.2015,1017.83871151,0.93870346,4.19649674,25.9262,7.9167,-3.995,10.58333333
38,2019-08-04T00:00:00Z,A001997,5d1bb0edc20513381fd6c416,40.3424,-74.7679,552.229,0.44072799999999995,5.0612,17.3385,2.65305,0.763083,23.3192,34.4864,26.4624,20.1906,0.0,0.0,1014.6067876,0.93931246,4.7540472000000005,26.9415,6.1666,-4.75405,11.16666667
39,2019-08-05T00:00:00Z,A001997,5d1bb0edc20513381fd6c416,40.3424,-74.7679,568.315,0.47771899999999995,3.43635,16.0861,0.5092,0.755067,13.7598,33.6829,24.1294,18.4892,0.0,0.0,1016.5851989,0.92763242,3.18766684,24.6889,0.0,,7.41666667
