,time,device,location,lat,long,CGDD,Cl,ET,GDD,LfAirDelta,NDVI,SWdw,maxT,meanT,minT,prate,precip,SLP,Kc,ETc,mean_tbelow,lfw,crop_water_demand,sunshine_duration
0,2019-06-14T00:00:00Z,A000713,5d03f526388cfb64ea23d7f9,40.342,-74.7683,,,1.46034,7.83855,,,5.51664,21.6858,18.3712,13.9913,0.011396600000000002,0.0113965,1016.92635262,,,20.1756,0.0833,0.0113965,2.91666667
1,2019-06-15T00:00:00Z,A000713,5d03f526388cfb64ea23d7f9,40.342,-74.7683,9.5908,0.060180399999999995,5.24768,9.59075,6.4719,0.35858,24.8903,29.7201,19.5236,9.4614,,,1018.35051727,0.34995071,1.83643015,21.8447,0.0,-1.83643,11.25
2,2019-06-16T00:00:00Z,A000713,5d03f526388cfb64ea23d7f9,40.342,-74.7683,24.1202,0.046937599999999996,3.0112900000000002,14.5295,1.68245,0.303133,15.6213,30.5226,22.6965,18.5365,6.04199,6.04199,1011.63458847,0.26916455,0.81053383,23.8469,2.0,5.23146,9.5
3,2019-06-17T00:00:00Z,A000713,5d03f526388cfb64ea23d7f9,40.342,-74.7683,38.704,0.0577128,2.38132,14.5838,1.0561,0.390602,12.7103,31.5432,23.8104,17.6245,0.100998,0.100998,1014.45961832,0.39660736,0.94444831,24.1958,6.9166,-0.84345,10.08333333
4,2019-06-18T00:00:00Z,A000713,5d03f526388cfb64ea23d7f9,40.342,-74.7684,52.1507,0.0671891,1.18413,13.4467,1.8079,0.41761099999999995,9.38302,27.8488,22.2317,19.0446,30.3546,30.3546,1012.99112699,0.43595922,0.51623128,22.7883,7.25,29.8384,5.91666667
5,2019-06-19T00:00:00Z,A000713,5d03f526388cfb64ea23d7f9,40.342,-74.7683,63.7148,0.078659,0.384343,11.5641,0.9865,0.44115299999999996,6.1754,24.0978,21.2178,19.0304,9.198780000000001,9.198780000000001,1010.16012191,0.47026026,0.18074102,21.8429,6.5834,9.01804,5.66666667
6,2019-06-20T00:00:00Z,A000713,5d03f526388cfb64ea23d7f9,40.342,-74.7683,78.2958,0.0785673,1.97508,14.581,1.68335,0.48951400000000006,12.6151,30.7306,23.0844,18.4315,14.2014,14.2014,1002.18077233,0.54072145,1.06796709,23.5839,5.1666,13.1335,8.0
7,2019-06-21T00:00:00Z,A000713,5d03f526388cfb64ea23d7f9,40.342,-74.7683,90.4096,0.0946138,3.35802,12.1137,2.9137,0.503648,17.8078,27.6922,21.3118,16.5351,3.06924,3.06924,1003.86753257,0.56131489,1.88490673,22.5585,4.4166,1.1843299999999999,9.66666667
8,2019-06-22T00:00:00Z,A000713,5d03f526388cfb64ea23d7f9,40.3421,-74.7682,101.17399999999999,0.0815286,5.0301,10.7645,6.3425,0.514518,23.7747,27.4562,20.2593,14.0728,,,1014.03262585,0.57715332,2.90313877,22.3363,0.0,-2.90314,11.25
9,2019-06-23T00:00:00Z,A000713,5d03f526388cfb64ea23d7f9,40.342,-74.7683,112.963,0.06604689999999999,6.29216,11.7889,4.427,0.526058,27.7916,31.6118,22.1801,11.9661,,,1015.8130292999999,0.59396696,3.73733512,23.8744,0.0,-3.73734,11.25
10,2019-06-24T00:00:00Z,A000713,5d03f526388cfb64ea23d7f9,40.3421,-74.7682,125.986,0.07763049999999999,4.568280000000001,13.0226,3.2264,0.530018,20.1373,33.5953,23.9396,12.4499,0.0503425,0.0503425,1012.05512307,0.59973572,2.73976029,24.9998,0.0833,-2.68942,11.16666667
11,2019-06-25T00:00:00Z,A000713,5d03f526388cfb64ea23d7f9,40.3421,-74.7683,142.002,0.0861802,3.54505,16.0164,1.94485,0.586758,17.3864,32.1628,25.3841,19.87,0.994376,0.994376,1010.7603607000001,0.68240682,2.41916393,25.9737,0.8333,-1.42479,8.91666667
12,2019-06-26T00:00:00Z,A000713,5d03f526388cfb64ea23d7f9,40.342,-74.7683,157.621,0.0684665,6.32465,15.6187,4.57785,0.573711,27.7672,34.3642,26.2496,16.8733,,,1016.77148519,0.66339637,4.19575002,27.6515,0.0,-4.19575,11.25
13,2019-06-27T00:00:00Z,A000713,5d03f526388cfb64ea23d7f9,40.3421,-74.7683,173.94400000000002,0.07150219999999999,6.22349,16.3232,5.2795,0.557376,27.098000000000003,34.1152,26.6993,18.5313,,,1020.52185634,0.63959681,3.98052542,28.1688,0.0,-3.9805300000000003,11.25
14,2019-06-28T00:00:00Z,A000713,5d03f526388cfb64ea23d7f9,40.342,-74.7683,191.896,0.07779789999999999,4.6237900000000005,17.952,5.32165,0.574187,22.5251,38.7077,26.3997,17.1963,0.0,0.0,1021.48573842,0.6640905,3.07061819,28.2267,1.5,-3.07062,11.08333333
15,2019-06-29T00:00:00Z,A000713,5d03f526388cfb64ea23d7f9,40.342,-74.7683,208.423,0.07881569999999999,4.31122,16.5273,4.845,0.635269,20.8086,34.3445,25.03,18.7101,2.14988,2.14988,1016.42805117,0.75308716,3.24672175,26.2479,6.8334,-1.09684,9.25
16,2019-06-30T00:00:00Z,A000713,5d03f526388cfb64ea23d7f9,40.342,-74.7682,222.262,0.104591,5.58666,13.8393,4.5032,0.6492899999999999,25.4426,30.0144,24.1904,17.6643,0.0,0.0,1010.61224363,0.77351592,4.32137293,25.3638,0.6666,-4.32137,11.16666667
17,2019-07-01T00:00:00Z,A000713,5d03f526388cfb64ea23d7f9,40.3422,-74.7683,235.79,0.0912921,6.61983,13.5278,4.2494,0.667667,27.9673,32.964,24.2514,14.0915,0.0,0.0,1014.31070396,0.80029051,5.29778943,25.4292,0.0,-5.29779,11.16666667
18,2019-07-02T00:00:00Z,A000713,5d03f526388cfb64ea23d7f9,40.3421,-74.7682,249.827,0.0936919,4.94243,14.0372,4.7978,0.6904819999999999,22.2612,33.4216,25.0257,14.6529,3.28663,3.28663,1011.37911224,0.83353222,4.11967092,26.2876,1.5,-0.833041,11.0
19,2019-07-03T00:00:00Z,A000713,5d03f526388cfb64ea23d7f9,40.342,-74.7682,266.999,0.10653199999999999,4.10687,17.1713,2.71195,0.718849,19.4035,33.0976,26.6799,21.245,0.0,0.0,1012.18546068,0.87486358,3.59295368,27.3784,0.3333,-3.5929300000000004,10.08333333
20,2019-07-04T00:00:00Z,A000713,5d03f526388cfb64ea23d7f9,40.342,-74.7683,283.293,0.11533099999999999,5.92901,16.2945,3.36415,0.719248,26.7877,33.058,26.5746,19.531,0.0,0.0,1018.12118039,0.87544374,5.1905113,27.1195,6.5,-5.19051,10.91666667
21,2019-07-05T00:00:00Z,A000713,5d03f526388cfb64ea23d7f9,40.3421,-74.7683,300.332,0.115168,3.2780099999999996,17.0392,2.7894,0.738082,17.0321,32.8116,26.0953,21.2667,0.0,0.0,1020.4012471000001,0.90288591,2.95967305,26.5772,1.0833,-2.95967,10.25
22,2019-07-06T00:00:00Z,A000713,5d03f526388cfb64ea23d7f9,40.3421,-74.7682,317.873,0.132194,2.61266,17.5403,-0.8699,0.745696,14.765999999999998,33.762,26.1002,21.3186,29.8749,29.8749,1014.5827135,0.91397928,2.38791769,26.3346,5.7501,27.487,8.66666667
23,2019-07-07T00:00:00Z,A000713,5d03f526388cfb64ea23d7f9,40.3421,-74.7682,334.029,0.12259600000000001,3.98169,16.1561,2.2312,0.757676,19.6902,31.5896,25.4566,20.7226,0.0,0.0,1013.2141054,0.93143444,3.70868064,25.9266,6.6667,-3.70868,10.0
24,2019-07-08T00:00:00Z,A000713,5d03f526388cfb64ea23d7f9,40.342,-74.7683,349.259,0.154411,2.35,15.2305,1.07935,0.75184,12.8151,32.3496,22.7701,18.1114,11.0517,11.0517,1015.98090818,0.92293095,2.16889087,23.7015,0.0,8.882810000000001,7.41666667
25,2019-07-09T00:00:00Z,A000713,5d03f526388cfb64ea23d7f9,40.3421,-74.7683,364.561,0.10758399999999999,5.34795,15.3016,4.97605,0.7779,23.6268,34.3202,25.3793,16.283,0.0,0.0,1018.03460327,0.96090032,5.13884899,27.1857,0.1667,-5.13885,11.41666667
26,2019-07-10T00:00:00Z,A000713,5d03f526388cfb64ea23d7f9,40.342,-74.7683,380.65,0.10556700000000001,5.17126,16.0889,4.92265,0.790519,22.971999999999998,33.9164,26.2859,18.2613,0.0,0.0,1017.6685077,0.97928584,5.06414312,27.4912,1.4999,-5.06414,11.0
27,2019-07-11T00:00:00Z,A000713,5d03f526388cfb64ea23d7f9,40.342,-74.7683,394.60699999999997,0.145393,1.67613,13.9569,0.2832,0.76486,10.5411,30.3818,23.5939,17.532,36.5177,36.5177,1013.3057395999999,0.94190083,1.57874561,24.0746,1.9166,34.939,7.41666667
28,2019-07-12T00:00:00Z,A000713,5d03f526388cfb64ea23d7f9,40.3421,-74.7682,410.556,0.112757,5.3689,15.9489,2.94995,0.7618699999999999,24.3631,32.7952,26.0301,19.1026,0.0,0.0,1009.26781219,0.93754397,5.03357508,26.9391,6.9167,-5.0336,11.08333333
29,2019-07-13T00:00:00Z,A000713,5d03f526388cfb64ea23d7f9,40.3421,-74.7682,426.215,0.11003299999999999,6.14158,15.6597,3.03385,0.759437,26.4006,34.641999999999996,25.6245,16.6774,0.0,0.0,1014.52697373,0.93399933,5.73623406,26.6372,1.1666,-5.7362400000000004,11.16666667
30,2019-07-14T00:00:00Z,A000713,5d03f526388cfb64ea23d7f9,40.342,-74.7683,441.787,0.11603800000000002,5.5702,15.5714,3.19225,0.769746,24.1891,33.0444,25.5458,18.0983,0.0,0.0,1015.17405796,0.9490194,5.28622548,26.5129,3.0,-5.286230000000001,11.25
31,2019-07-15T00:00:00Z,A000713,5d03f526388cfb64ea23d7f9,40.342,-74.7683,455.952,0.103129,6.44536,14.1649,4.3207,0.776682,27.1999,33.6324,24.5766,14.6974,0.0,0.0,1018.63982853,0.9591264000000002,6.18191175,25.5644,1.1666,-6.18191,11.16666667
32,2019-07-16T00:00:00Z,A000713,5d03f526388cfb64ea23d7f9,40.342,-74.7683,471.215,0.100301,5.94979,15.2631,5.25685,0.782392,25.8025,34.3476,26.1978,16.1785,0.0,0.0,1018.52735199,0.96744576,5.75610377,27.494,4.4166,-5.7561,11.41666667
33,2019-07-17T00:00:00Z,A000713,5d03f526388cfb64ea23d7f9,40.3421,-74.7683,488.349,0.105697,5.15859,17.134,5.24135,0.78213,23.4073,33.3328,27.3555,20.9352,11.8518,11.8518,1014.62936394,0.96706393,4.98868604,28.9822,0.1667,6.863110000000001,10.83333333
34,2019-07-18T00:00:00Z,A000713,5d03f526388cfb64ea23d7f9,40.342,-74.7683,505.85699999999997,0.117504,1.9011900000000002,17.5079,2.7798,0.784665,11.5377,32.2776,26.0754,22.7381,2.15626,2.15626,1012.92532214,0.97075741,1.84559586,26.1327,6.75,0.310664,8.41666667
35,2019-07-19T00:00:00Z,A000713,5d03f526388cfb64ea23d7f9,40.3421,-74.7684,523.631,0.105902,4.94095,17.774,5.08245,0.792636,23.1205,34.872,27.4562,20.6761,0.0,0.0,1013.45517174,0.9823709,4.85384564,28.8622,0.0833,-4.85385,11.08333333
36,2019-07-20T00:00:00Z,A000713,5d03f526388cfb64ea23d7f9,40.3421,-74.7685,542.731,0.0885923,5.749969999999999,19.1,7.1386,0.79413,26.2669,34.7608,29.1964,23.4392,0.0,0.0,1012.04993575,0.984547,5.66111228,31.1896,6.4167,-5.66111,11.0
37,2019-07-21T00:00:00Z,A000713,5d03f526388cfb64ea23d7f9,40.3421,-74.7683,561.9019999999999,0.0876956,5.19234,19.1716,6.02385,0.793555,24.7433,34.7576,29.0113,23.5857,0.0,0.0,1010.93498858,0.98370947,5.10775407,30.7435,6.5,-5.10775,11.16666667
38,2019-07-22T00:00:00Z,A000713,5d03f526388cfb64ea23d7f9,40.342,-74.7682,578.919,0.11579300000000001,4.5772699999999995,17.017,3.5297,0.793371,21.9561,33.0958,25.9206,20.9383,10.4353,10.4353,1010.02253386,0.98344227,4.50148101,27.1976,1.9999,5.93382,9.0
39,2019-07-23T00:00:00Z,A000713,5d03f526388cfb64ea23d7f9,40.342,-74.7683,592.313,0.133899,1.47119,13.3938,1.4963,0.760851,9.36662,29.304000000000002,22.2371,17.4836,32.1871,32.1871,1010.86888379,0.93606006,1.37712058,22.6889,2.5834,30.81,8.08333333
40,2019-07-24T00:00:00Z,A000713,5d03f526388cfb64ea23d7f9,40.342,-74.7683,607.1669999999999,0.105022,5.78533,14.8541,2.7413,0.7868029999999999,24.9268,32.6082,24.5286,17.1,0.663347,0.663347,1014.78790549,0.97387174,5.634166400000001,25.3981,1.4167,-4.97082,11.5
41,2019-07-25T00:00:00Z,A000713,5d03f526388cfb64ea23d7f9,40.342,-74.7683,621.696,0.09623330000000001,5.97639,14.5285,4.2413,0.785877,25.9107,33.9686,24.299,15.0883,0.0,0.0,1020.07783213,0.97252326,5.81218041,25.4128,0.3333,-5.812180000000001,11.25
42,2019-07-26T00:00:00Z,A000713,5d03f526388cfb64ea23d7f9,40.342,-74.7683,636.008,0.09341419999999999,5.77655,14.3126,4.1215,0.772456,25.2715,34.0286,24.5369,14.5967,0.0,0.0,1024.81338209,0.95296894,5.50487602,25.98,0.25,-5.5048900000000005,11.16666667
43,2019-07-27T00:00:00Z,A000713,5d03f526388cfb64ea23d7f9,40.342,-74.7683,651.161,0.0801806,5.40298,15.1531,5.46505,0.740751,24.101,34.1592,25.1776,16.1471,0.0,0.0,1024.48096621,0.9067744000000001,4.89928387,26.6923,0.1667,-4.89928,11.25
44,2019-07-28T00:00:00Z,A000713,5d03f526388cfb64ea23d7f9,40.342,-74.7683,666.882,0.08483160000000001,5.53296,15.7209,5.59015,0.746456,24.8027,34.0842,26.0684,17.3576,0.0,0.0,1020.21074387,0.91508619,5.06313182,27.5769,0.0,-5.06313,11.25
45,2019-07-29T00:00:00Z,A000713,5d03f526388cfb64ea23d7f9,40.342,-74.7683,683.6619999999999,0.08944989999999998,5.3229999999999995,16.7794,4.38285,0.7358819999999999,24.1658,34.9356,26.8596,18.6233,0.0,0.0,1016.97452463,0.89968078,4.78900491,28.4601,0.0,-4.789,11.25
46,2019-07-30T00:00:00Z,A000713,5d03f526388cfb64ea23d7f9,40.342,-74.7682,700.5160000000001,0.10107000000000001,5.03421,16.8538,4.37175,0.749951,23.0674,34.2818,27.0542,19.4257,0.0,0.0,1016.21179867,0.92017923,4.63237327,28.2142,0.3333,-4.63237,11.16666667
47,2019-07-31T00:00:00Z,A000713,5d03f526388cfb64ea23d7f9,40.3421,-74.7683,716.577,0.0737949,2.4034,16.0616,3.2627,0.702014,12.8792,33.193000000000005,24.3743,18.9301,3.29527,3.29527,1017.41472354,0.8503349,2.04369654,25.0568,0.0,1.25157,8.08333333
48,2019-08-01T00:00:00Z,A000713,5d03f526388cfb64ea23d7f9,40.342,-74.7683,732.33,0.10219600000000001,4.20664,15.7528,2.8571,0.730111,19.0196,33.9278,25.0801,17.5779,0.0,0.0,1019.23090342,0.89127182,3.74926176,25.7784,0.0833,-3.74926,11.08333333
49,2019-08-02T00:00:00Z,A000713,5d03f526388cfb64ea23d7f9,40.342,-74.7683,747.164,0.114854,3.81282,14.8343,0.7264,0.716658,17.9903,32.4514,23.9824,17.2172,0.0,0.0,1020.24191815,0.87167093,3.32352007,24.372,0.0,-3.32352,10.91666667
50,2019-08-03T00:00:00Z,A000713,5d03f526388cfb64ea23d7f9,40.342,-74.7683,762.3580000000001,0.10616300000000001,4.8522,15.1941,3.54735,0.760346,21.6184,32.7244,25.4069,17.6639,0.0,0.0,1017.14903007,0.93532338,4.53837889,26.3801,0.0,-4.53838,10.75
51,2019-08-04T00:00:00Z,A000713,5d03f526388cfb64ea23d7f9,40.3421,-74.7683,778.9760000000001,0.09266189999999999,5.5568599999999995,16.6173,5.74915,0.768069,23.8136,33.6774,26.3874,19.5571,0.0,0.0,1013.8663538999999,0.9465766999999999,5.25999692,27.7475,0.0833,-5.26,10.5
52,2019-08-05T00:00:00Z,A000713,5d03f526388cfb64ea23d7f9,40.3421,-74.7683,795.207,0.1064,2.4681,16.2308,2.1451,0.73755,10.2549,34.4296,24.0881,18.032,0.0,0.0,1015.86290224,0.90211009,2.2265007000000003,24.7572,0.0,,6.08333333
